STUDY_ID	SAMPLE_ID	JAK1	JAK2	STAT1	STAT3	IRF1	IFNGR1	IFNG
brca_tcga	TCGA-AR-A1AR-01	1.0046	0.8242	0.1528	-0.3812	0.1611	6.1266	-0.1008
brca_tcga	TCGA-BH-A1EO-01	0.7781	1.2919	-0.3346	1.1973	-0.4391	-0.0244	-0.2638
brca_tcga	TCGA-BH-A1ES-01	1.1038	-0.3529	-0.6985	-1.8508	-0.9331	-0.906	-0.3596
brca_tcga	TCGA-BH-A1ET-01	0.3048	1.0216	-0.3999	1.002	-0.1315	0.0345	-0.1523
brca_tcga	TCGA-BH-A1EU-01	0.8024	2.7554	0.3576	-0.3209	0.2301	0.5606	0.0986
brca_tcga	TCGA-BH-A1EV-01	-1.1638	-0.0234	-0.6625	-0.6014	-0.7999	-0.3603	-0.3596
brca_tcga	TCGA-BH-A1EW-01	0.0516	0.5059	0.6247	4.9445	0.266	-0.198	-0.3446
brca_tcga	TCGA-BH-A1F0-01	0.6643	3.6394	1.7936	4.8866	0.2428	1.5865	0.361
brca_tcga	TCGA-C8-A1HF-01	-0.5021	-0.1899	0.9084	-1.5383	1.5442	-0.3178	1.9787
brca_tcga	TCGA-C8-A1HG-01	0.2927	-0.2697	0.8864	-0.8453	0.7671	-0.3359	1.4825
brca_tcga	TCGA-C8-A1HI-01	-0.7589	-0.4388	-0.28	-0.9665	-0.5481	-0.1429	-0.3163
brca_tcga	TCGA-C8-A1HL-01	0.2947	-0.641	-0.802	-1.9276	-0.5172	-0.626	-0.338
brca_tcga	TCGA-C8-A1HM-01	-0.8566	0.4966	9.8289	0.3063	2.3956	-0.2724	10.3279
brca_tcga	TCGA-C8-A1HN-01	-0.9453	-0.5471	-0.7554	-1.9667	-0.6575	-0.2489	-0.2933
brca_tcga	TCGA-E2-A14N-01	-0.5358	-0.0429	2.015	-0.3903	-0.4655	1.3809	-0.2286
brca_tcga	TCGA-E2-A15I-01	-0.4386	1.5249	-0.5313	0.1169	0.2782	-0.03	-0.1673
brca_tcga	TCGA-A2-A1FV-01	0.1842	0.1525	-0.6887	-0.2842	-1.0632	-0.3444	-0.3469
brca_tcga	TCGA-A2-A1FW-01	-0.5204	-0.5906	-0.1077	-1.4214	-0.8467	-0.7085	-0.3596
brca_tcga	TCGA-A2-A1FX-01	-1.239	-0.7668	-0.3119	-1.2637	-0.8108	-0.9561	-0.3029
brca_tcga	TCGA-A2-A1G0-01	0.9181	0.0365	-0.6112	1.6568	-0.7964	-0.1854	-0.3596
brca_tcga	TCGA-A2-A1G1-01	0.3905	0.6905	1.0733	1.8078	0.8009	1.7723	0.7801
brca_tcga	TCGA-A2-A1G4-01	2.0607	-0.5465	-0.7753	0.7272	-0.8738	-1.0814	-0.3367
brca_tcga	TCGA-A2-A1G6-01	0.8666	0.2792	-0.825	-0.0063	-0.6284	1.9121	-0.3456
brca_tcga	TCGA-A7-A13G-01	-0.6905	-0.4189	-0.7808	0.7221	-0.626	-0.5632	-0.3596
brca_tcga	TCGA-AO-A1KO-01	0.5784	0.7678	-0.8602	0.1937	-1.0355	3.3761	-0.3176
brca_tcga	TCGA-AO-A1KP-01	-1.6118	-0.3291	-0.8468	-1.9501	-0.9059	-0.6233	-0.3596
brca_tcga	TCGA-AO-A1KS-01	-0.5667	0.6546	0.0136	-0.2149	-1.0532	0.6619	-0.3181
brca_tcga	TCGA-AO-A1KT-01	-1.1003	-1.1529	-0.7315	-0.3927	0.3778	-0.6451	-0.347
brca_tcga	TCGA-AQ-A1H2-01	-0.9394	-1.0229	1.5318	-0.1066	0.2237	-0.0473	-0.3386
brca_tcga	TCGA-AQ-A1H3-01	0.0316	-0.4616	-0.3041	4.573	-0.0804	0.0714	-0.3126
brca_tcga	TCGA-B6-A1KC-01	-1.2323	-0.443	-0.8117	-0.6166	-0.9292	-1.2049	-0.3596
brca_tcga	TCGA-B6-A1KF-01	-1.3435	-1.344	-1.0746	-1.5547	-1.0833	0.1199	-0.3596
brca_tcga	TCGA-B6-A1KN-01	0.3352	-0.1901	0.181	-0.5668	-0.1893	-0.5366	-0.323
brca_tcga	TCGA-BH-A1EN-01	-1.0315	-0.4289	-0.8758	-1.8613	-0.9332	-0.8078	-0.3596
brca_tcga	TCGA-BH-A1EX-01	0.3092	0.3076	-0.4167	1.2912	-0.2957	0.4859	-0.1718
brca_tcga	TCGA-BH-A1EY-01	-1.3905	4.1431	-0.0911	-1.2175	-0.0992	1.358	-0.3188
brca_tcga	TCGA-BH-A1F2-01	5.6163	-0.1385	-0.2085	-0.4396	-0.8841	1.9111	-0.3084
brca_tcga	TCGA-BH-A1F5-01	0.4271	2.0949	-0.5946	-1.4485	-0.5905	-0.5317	-0.3596
brca_tcga	TCGA-BH-A1F6-01	-0.8741	0.5576	-0.0054	-0.4421	0.2886	-0.3863	-0.2214
brca_tcga	TCGA-BH-A1F8-01	-0.9549	-0.8222	3.2122	0.5034	-0.8617	1.1157	-0.299
brca_tcga	TCGA-BH-A1FC-01	-1.1751	0.3908	1.2073	1.1391	1.6778	-0.7976	2.2279
brca_tcga	TCGA-BH-A1FD-01	-0.0782	0.5791	0.5849	-0.8581	1.3326	0.2533	-0.3596
brca_tcga	TCGA-BH-A1FE-01	1.4685	1.6093	0.8045	0.8725	-0.1836	-0.0538	-0.2017
brca_tcga	TCGA-BH-A1FG-01	0.3324	-0.8617	-0.2276	0.9111	-0.638	-0.2756	-0.3139
brca_tcga	TCGA-BH-A1FH-01	0.8077	0.5757	-0.5101	-0.028	-0.6856	0.2889	-0.3466
brca_tcga	TCGA-BH-A1FJ-01	1.7853	0.2038	-0.1887	-0.4742	-0.8239	-1.254	-0.3482
brca_tcga	TCGA-BH-A1FL-01	-1.3986	0.3564	-0.836	-0.2276	-0.3941	-0.7753	-0.3029
brca_tcga	TCGA-BH-A1FM-01	0.102	-0.3518	-0.4372	-1.5651	-1.0674	-0.8534	-0.2989
brca_tcga	TCGA-BH-A1FN-01	0.457	-0.5966	0.6662	1.4145	-0.5112	1.4188	-0.2782
brca_tcga	TCGA-BH-A1FR-01	-0.7612	-0.6656	-0.6746	0.5184	-0.4217	-0.0465	-0.2571
brca_tcga	TCGA-C8-A1HE-01	-0.192	0.1494	-0.3166	1.3489	-0.4471	-0.0406	-0.3484
brca_tcga	TCGA-C8-A1HJ-01	-1.104	-0.8755	-0.0235	-1.8136	-0.8578	0.783	0.007
brca_tcga	TCGA-C8-A1HK-01	-0.1264	-0.9025	0.2454	-1.2539	-0.5887	0.0569	-0.2339
brca_tcga	TCGA-C8-A1HO-01	0.0022	1.1725	2.1264	-2.0901	-0.0933	-1.5846	-0.3338
brca_tcga	TCGA-D8-A1J8-01	-1.2945	3.1222	0.6764	-1.2126	0.2243	3.5155	5.0887
brca_tcga	TCGA-D8-A1J9-01	-0.2114	-0.8429	0.8803	-0.8237	-0.6155	0.192	-0.2281
brca_tcga	TCGA-D8-A1JA-01	0.2041	-0.5564	1.7549	-0.7544	-0.7831	1.3102	-0.2348
brca_tcga	TCGA-D8-A1JB-01	0.1461	0.9285	1.0119	0.8706	1.0512	0.5682	0.5807
brca_tcga	TCGA-D8-A1JC-01	-0.8416	-0.3061	1.8121	1.3854	0.2389	0.541	-0.2447
brca_tcga	TCGA-D8-A1JD-01	-0.7509	-0.0925	-0.1553	-0.2328	-0.6027	-0.4701	-0.2885
brca_tcga	TCGA-D8-A1JE-01	0.0675	0.5824	1.1461	1.604	-0.3795	0.0535	-0.2881
brca_tcga	TCGA-D8-A1JF-01	-1.1361	-0.1373	-0.4712	0.3148	-0.7969	1.7451	-0.2504
brca_tcga	TCGA-D8-A1JG-01	0.0655	0.4089	2.0793	0.7033	1.4729	1.2055	0.7022
brca_tcga	TCGA-D8-A1JH-01	1.1888	0.3296	-0.5874	0.5077	-0.2133	0.2692	-0.2102
brca_tcga	TCGA-D8-A1JI-01	-0.4712	0.1403	-0.8595	1.1211	0.0569	-1.0522	-0.3434
brca_tcga	TCGA-D8-A1JK-01	0.3497	0.2011	1.6895	-0.5416	2.7717	1.5689	1.6757
brca_tcga	TCGA-D8-A1JL-01	0.5702	1.1431	4.1367	0.8003	0.5996	1.8139	0.746
brca_tcga	TCGA-D8-A1JM-01	0.5113	-1.526	-0.459	0.3735	0.593	-0.9238	0.2189
brca_tcga	TCGA-D8-A1JN-01	-0.1001	-0.2259	0.0874	-0.4455	0.2907	0.048	-0.186
brca_tcga	TCGA-D8-A1JP-01	-1.047	-0.806	-0.6587	0.3187	-0.4748	0.7222	-0.2792
brca_tcga	TCGA-D8-A1JS-01	-0.8186	-0.4808	-0.8159	-0.1689	-0.4238	0.1163	-0.3325
brca_tcga	TCGA-D8-A1JT-01	1.3408	0.1051	2.2585	-0.5814	-0.4458	-0.345	-0.3097
brca_tcga	TCGA-D8-A1JU-01	0.358	0.2826	-0.0637	0.4614	0.3092	0.462	0.203
brca_tcga	TCGA-E2-A1IE-01	-0.602	-0.7616	-0.7784	-0.3674	-0.9074	-1.3271	-0.3492
brca_tcga	TCGA-E2-A1IH-01	-0.132	0.4492	-0.0945	0.272	-0.1472	0.924	1.9763
brca_tcga	TCGA-E2-A1IN-01	-0.5679	-0.6684	-0.7517	0.3645	-0.5322	-0.5472	-0.3254
brca_tcga	TCGA-E2-A1L6-01	0.7719	1.6016	-0.5391	0.3755	-0.6249	0.2013	-0.3205
brca_tcga	TCGA-E2-A1L8-01	-0.8153	0.8283	-0.1717	0.5663	0.4269	0.0692	-0.3312
brca_tcga	TCGA-E2-A1L9-01	1.0673	1.2282	0.1377	1.1323	-0.1952	0.709	-0.258
brca_tcga	TCGA-EW-A1IW-01	-0.9667	-0.384	-0.6877	0.1493	-0.0752	0.8384	-0.2795
brca_tcga	TCGA-EW-A1IY-01	1.2357	3.3416	2.3872	0.4898	1.1096	2.4798	1.413
brca_tcga	TCGA-EW-A1IZ-01	-1.3313	0.0391	0.1615	-1.7399	1.2338	-0.401	3.723
brca_tcga	TCGA-EW-A1J1-01	0.1979	10.6916	0.9796	-0.5332	0.3366	-0.9323	0.0031
brca_tcga	TCGA-EW-A1J2-01	0.6927	-0.13	-0.3601	1.0671	0.0332	-0.0088	-0.265
brca_tcga	TCGA-EW-A1J3-01	0.4362	0.8934	-0.3393	0.8653	0.2433	0.0517	-0.3316
brca_tcga	TCGA-EW-A1J5-01	1.0215	0.5781	2.8216	2.1561	0.5717	-0.73	0.1584
brca_tcga	TCGA-EW-A1J6-01	-1.3784	0.5731	-0.1447	-1.1745	0.4619	-0.7176	0.1921
brca_tcga	TCGA-A1-A0SB-01	-0.3547	0.1381	-0.8667	-0.0529	-1.0977	-0.5418	-0.3596
brca_tcga	TCGA-A1-A0SF-01	0.3575	-0.1275	-0.5554	-0.9902	-0.3704	-0.1405	-0.234
brca_tcga	TCGA-A1-A0SG-01	1.3331	0.8134	-0.4651	-0.4928	-0.975	-0.8719	-0.3596
brca_tcga	TCGA-A1-A0SI-01	0.2761	0.3867	0.9569	-0.7377	0.6445	0.2544	0.121
brca_tcga	TCGA-A1-A0SN-01	-0.1922	-0.6319	-0.2228	-1.3438	0.1453	-0.5963	-0.1313
brca_tcga	TCGA-A1-A0SQ-01	0.6126	0.1825	-0.7419	1.9685	-0.848	-1.1136	-0.3427
brca_tcga	TCGA-AO-A1KR-01	-1.9297	-1.2147	-0.5594	-1.7067	-0.123	-0.8628	-0.0515
brca_tcga	TCGA-E2-A1IF-01	-0.8569	-0.924	-0.9683	-0.7976	-0.239	-0.0583	-0.2707
brca_tcga	TCGA-E2-A1IG-01	0.1327	-1.1432	-0.3536	1.9805	-0.3167	-0.4915	-0.3426
brca_tcga	TCGA-E2-A1II-01	-0.2965	2.268	1.9847	-0.9006	1.8078	0.3677	6.7365
brca_tcga	TCGA-E2-A1IJ-01	0.1641	0.1415	-0.4228	1.3936	0.6124	0.5266	0.0169
brca_tcga	TCGA-E2-A1IK-01	-0.849	-0.8714	0.0005	0.3055	0.103	-0.2216	-0.1735
brca_tcga	TCGA-E2-A1IO-01	0.7709	-0.2004	-0.5831	0.2134	-0.2646	0.0689	-0.2354
brca_tcga	TCGA-E2-A1L7-01	0.766	-0.1649	2.5194	-1.7541	1.8662	-0.7221	0.3923
brca_tcga	TCGA-E2-A1LA-01	-1.1015	-0.8079	0.0569	-1.0091	0.9098	-0.4992	1.1873
brca_tcga	TCGA-E2-A1LB-01	0.0012	-1.3048	-0.5973	-1.1242	-0.9074	5.607	-0.2843
brca_tcga	TCGA-E2-A1LL-01	-0.4781	-1.5678	-0.654	-1.486	-0.9411	-0.5295	-0.3355
brca_tcga	TCGA-E9-A1N8-01	-0.1475	-0.8461	-0.2871	-0.1306	-0.6436	3.396	-0.1236
brca_tcga	TCGA-E9-A1NA-01	1.6814	-0.578	-0.2359	-1.7101	-0.1469	-0.1775	-0.3467
brca_tcga	TCGA-E9-A1ND-01	-0.0082	2.7397	4.6123	-0.0458	2.98	2.9009	2.5913
brca_tcga	TCGA-EW-A1IX-01	0.6296	0.9222	-0.6727	0.121	-0.5184	-0.2782	-0.2829
brca_tcga	TCGA-EW-A1OV-01	-0.3383	0.3504	0.9758	0.3769	1.1995	0.0563	1.3632
brca_tcga	TCGA-EW-A1OX-01	0.0474	-0.8622	0.7741	-0.3329	-0.1173	-1.4915	-0.3596
brca_tcga	TCGA-EW-A1OY-01	-1.1827	-1.1352	-0.4341	-0.9148	-0.5666	-1.2543	-0.3596
brca_tcga	TCGA-EW-A1OZ-01	-1.3459	-0.6706	-0.0591	-1.4919	-0.6711	-0.734	-0.3596
brca_tcga	TCGA-EW-A1P0-01	-1.1465	-0.9616	-0.3247	0.0556	-0.8359	-1.325	-0.3409
brca_tcga	TCGA-EW-A1P3-01	-0.3903	-1.196	-0.6368	-0.1425	0.4911	-0.575	-0.3596
brca_tcga	TCGA-EW-A1P4-01	-1.0465	-0.6255	1.1978	0.1806	1.9523	-0.2928	1.8821
brca_tcga	TCGA-EW-A1P5-01	0.0873	-0.4552	3.1442	0.6042	1.414	-0.4449	-0.2799
brca_tcga	TCGA-EW-A1P6-01	2.1364	1.1497	-0.8808	-0.994	-0.9538	-1.1281	-0.3596
brca_tcga	TCGA-EW-A1P7-01	1.532	1.2456	1.2118	-1.7375	1.6398	0.9311	0.2297
brca_tcga	TCGA-EW-A1P8-01	-0.5222	-0.1272	-0.601	-0.6072	-0.2363	2.024	-0.3146
brca_tcga	TCGA-EW-A1PA-01	0.6357	-0.7553	-0.4755	-1.3755	-0.613	-0.513	-0.3017
brca_tcga	TCGA-EW-A1PB-01	-0.4128	4.7323	1.5308	-0.6648	6.84	2.9454	4.3706
brca_tcga	TCGA-EW-A1PD-01	0.8395	-0.6464	-0.8088	0.3029	-0.7219	-0.5999	-0.3455
brca_tcga	TCGA-EW-A1PE-01	0.3531	1.4916	3.183	1.9165	1.0222	-0.0545	0.1995
brca_tcga	TCGA-EW-A1PG-01	2.1287	0.2659	-0.6805	3.3613	-0.3132	2.464	-0.3596
brca_tcga	TCGA-A2-A1FZ-01	0.8486	0.3816	-0.5783	0.9866	-0.6818	-0.1699	-0.273
brca_tcga	TCGA-BH-A1FU-01	0.8918	-0.0664	-0.5222	-0.9887	-0.585	0.7096	-0.2871
brca_tcga	TCGA-D8-A1X5-01	-1.231	-0.7329	-0.0671	-2.0921	-0.2639	0.0666	-0.25
brca_tcga	TCGA-D8-A1XA-01	-0.613	-1.0389	-0.3767	1.197	-0.3517	-1.3389	-0.2917
brca_tcga	TCGA-D8-A1XB-01	1.3832	-0.02	-0.7259	0.6967	-0.3131	-0.8136	-0.283
brca_tcga	TCGA-D8-A1XC-01	-0.5014	-0.9967	-0.8201	1.4257	-0.4499	-0.7098	-0.3596
brca_tcga	TCGA-D8-A1XF-01	-1.4218	-0.9277	0.1126	-0.9686	-0.88	-1.4473	-0.3157
brca_tcga	TCGA-D8-A1XG-01	-0.8097	-0.8671	-0.203	0.3448	-0.5329	-0.468	-0.3596
brca_tcga	TCGA-E2-A1IL-01	0.36	-0.1203	0.0162	0.7856	-0.2639	-0.9998	-0.2252
brca_tcga	TCGA-E2-A1IU-01	-0.2969	-0.5296	-0.491	-0.1228	-0.3748	-0.1996	-0.308
brca_tcga	TCGA-E2-A1LH-01	-0.8725	-0.6485	0.5144	-1.1854	1.6761	-0.5418	1.9674
brca_tcga	TCGA-E2-A1LK-01	-1.2075	-1.4649	-0.2496	6.1722	-0.8481	-0.0938	-0.335
brca_tcga	TCGA-E9-A1N5-01	0.8274	1.9718	0.1536	-1.3582	0.1439	-1.0134	-0.1325
brca_tcga	TCGA-E9-A1N9-01	0.9417	-0.6803	-0.1844	-1.3776	-0.7463	-0.5482	-0.3025
brca_tcga	TCGA-E9-A1NF-01	-0.0227	-0.3473	-0.0929	-1.4339	-0.2961	0.2154	-0.23
brca_tcga	TCGA-E9-A1NH-01	0.6508	-0.0176	-0.4863	-0.1557	-0.4132	1.0346	-0.266
brca_tcga	TCGA-E9-A1NI-01	-0.4077	-1.1052	-0.1946	-0.6827	-0.3322	-0.5043	-0.3596
brca_tcga	TCGA-E9-A1R2-01	0.757	-0.9017	0.471	1.4347	-0.6489	-0.5834	-0.244
brca_tcga	TCGA-E9-A1R4-01	-0.4252	-0.0927	2.1209	-0.4273	1.3433	-0.5946	0.2063
brca_tcga	TCGA-E9-A1R6-01	-0.9139	-1.0644	-0.5628	-1.0218	-0.3591	-1.2749	-0.3596
brca_tcga	TCGA-E9-A1RA-01	0.0038	0.5615	-0.7739	-0.5256	0.096	-0.2802	-0.3202
brca_tcga	TCGA-E9-A1RG-01	-1.3659	-1.5993	-0.7628	-1.581	0.1225	-0.1066	-0.1661
brca_tcga	TCGA-EW-A1P1-01	0.8028	0.2823	-0.4669	0.766	0.2118	1.3949	-0.211
brca_tcga	TCGA-AQ-A0Y5-01	-0.8881	-0.9271	-0.5304	0.5966	-0.7834	0.6836	-0.3448
brca_tcga	TCGA-B6-A1KI-01	-0.0598	-0.4118	-0.8436	0.738	-0.3948	0.5152	-0.3473
brca_tcga	TCGA-BH-A201-01	2.208	0.2163	-0.4005	2.1175	-0.6186	0.5621	-0.3468
brca_tcga	TCGA-BH-A202-01	-0.655	0.178	1.0822	5.1449	0.9568	-0.392	0.5907
brca_tcga	TCGA-D8-A1JJ-01	-0.2068	-0.9699	0.1585	-0.7153	-0.4428	0.277	-0.2734
brca_tcga	TCGA-D8-A1X6-01	0.1451	-0.8784	-0.3543	-0.6784	-0.3913	0.7144	-0.3276
brca_tcga	TCGA-D8-A1X7-01	3.5165	0.3563	-0.6565	0.0705	-0.908	-0.9192	-0.3481
brca_tcga	TCGA-D8-A1X8-01	-0.113	-0.115	-0.3007	0.5783	-0.5239	0.9318	-0.3063
brca_tcga	TCGA-D8-A1XJ-01	-0.8495	-0.789	-0.5954	-1.0478	-0.7584	0.0529	-0.347
brca_tcga	TCGA-D8-A1XK-01	-0.3855	2.723	1.5629	0.8528	0.1015	0.5017	1.1187
brca_tcga	TCGA-D8-A1XL-01	-1.4931	-0.2092	2.5902	-1.027	1.2305	-0.9811	0.6913
brca_tcga	TCGA-D8-A1XM-01	1.157	0.3431	0.8147	2.9214	-0.4231	-0.2495	-0.205
brca_tcga	TCGA-D8-A1XO-01	1.0967	1.0063	-0.2464	0.7318	-0.2828	0.2725	-0.2896
brca_tcga	TCGA-D8-A1XQ-01	-0.7592	-0.0564	0.921	-1.6277	1.6497	1.4566	0.4195
brca_tcga	TCGA-D8-A1XR-01	-0.6191	0.0892	-0.8619	1.1029	-0.5182	-0.3052	-0.3596
brca_tcga	TCGA-D8-A1XS-01	-0.5651	-0.1631	-0.5323	1.3685	-0.4398	-0.2671	-0.3106
brca_tcga	TCGA-D8-A1XT-01	1.8356	1.0411	1.4202	-1.2161	-0.3877	3.8033	-0.2267
brca_tcga	TCGA-D8-A1XU-01	-0.4642	-0.5419	-0.1463	-0.5443	-0.0365	0.3348	-0.3236
brca_tcga	TCGA-D8-A1XV-01	-0.4337	-0.8158	-0.8173	0.9723	-0.7231	-0.3402	-0.3596
brca_tcga	TCGA-D8-A1XW-01	-0.0221	2.1913	-0.0475	-1.1172	-0.4389	0.3219	-0.0823
brca_tcga	TCGA-D8-A1XY-01	-0.25	-0.1516	0.4216	2.1896	-0.3175	0.7217	-0.3319
brca_tcga	TCGA-D8-A1XZ-01	-0.9129	-0.4588	0.0041	-1.4178	-0.3599	0.3704	-0.2305
brca_tcga	TCGA-D8-A1Y0-01	0.6032	1.2131	0.2883	0.2077	0.9113	-0.1908	0.0724
brca_tcga	TCGA-D8-A1Y1-01	-1.658	0.3981	-0.8015	-1.2322	-0.2526	-0.6392	-0.3037
brca_tcga	TCGA-E2-A1LG-01	-1.5456	-0.8231	2.6819	-0.1407	1.4415	-0.2171	-0.2439
brca_tcga	TCGA-E9-A1N4-01	0.1861	2.8534	-0.6161	0.5001	-0.2183	-0.5681	-0.3286
brca_tcga	TCGA-E9-A1NE-01	1.1501	1.6367	2.2574	-0.3626	0.9871	0.0738	1.9548
brca_tcga	TCGA-E9-A1NG-01	0.7703	-0.0802	-0.3281	0.525	-0.3866	0.7618	-0.3214
brca_tcga	TCGA-E9-A1R3-01	0.0941	-0.4531	-0.5482	0.4062	-0.0604	1.0332	-0.2652
brca_tcga	TCGA-E9-A1R5-01	-0.7545	-0.764	-0.6807	0.547	-0.4789	0.471	-0.3596
brca_tcga	TCGA-E9-A1R7-01	-0.741	-0.8576	-0.6684	-1.232	-1.0376	0.2659	-0.3596
brca_tcga	TCGA-EW-A1PH-01	-1.1004	-0.8533	1.9063	-0.922	-0.6403	0.4799	-0.1786
brca_tcga	TCGA-AC-A23E-01	0.0662	0.4004	-0.5395	1.0916	-0.3998	0.871	-0.3596
brca_tcga	TCGA-AC-A23H-01	-0.2486	0.7996	-0.1073	-1.3257	-0.8667	1.0152	-0.3222
brca_tcga	TCGA-BH-A204-01	-0.8685	-0.3327	-0.6184	-0.7848	-1.0813	-0.1412	-0.3406
brca_tcga	TCGA-BH-A208-01	1.2724	-0.0877	-0.4707	-0.2654	-0.6203	1.4598	-0.1954
brca_tcga	TCGA-BH-A209-01	0.2201	1.2394	4.5194	-0.9743	1.6002	0.0834	1.8712
brca_tcga	TCGA-D8-A1X9-01	0.7048	-0.4115	3.0601	1.0184	0.1532	-0.9536	-0.116
brca_tcga	TCGA-D8-A1Y2-01	-0.5601	-0.6013	0.0055	0.5086	0.0746	1.1314	-0.1518
brca_tcga	TCGA-D8-A1Y3-01	-2.0655	-1.3009	-0.2196	-1.6195	-0.0979	-0.8121	-0.1614
brca_tcga	TCGA-E2-A1LI-01	-0.1958	-0.5723	-0.0043	-0.1896	0.3661	0.0713	-0.0576
brca_tcga	TCGA-E9-A1N3-01	-0.9338	-1.0118	0.0187	-0.2011	-0.6972	-0.7078	-0.3596
brca_tcga	TCGA-E9-A1NC-01	-0.8329	-0.8245	0.7916	-1.5168	0.9536	-0.1259	0.4134
brca_tcga	TCGA-E9-A1RB-01	-0.2101	-0.7871	-0.7226	-0.7561	-0.498	-0.8023	-0.3487
brca_tcga	TCGA-E9-A1RC-01	0.0149	-1.1725	-0.8154	0.9206	-0.4934	-0.7317	-0.3596
brca_tcga	TCGA-E9-A1RD-01	-0.2957	-0.2777	0.5328	0.4483	-0.0622	-0.4354	-0.3273
brca_tcga	TCGA-E9-A1RE-01	-1.4167	0.8248	-0.8262	-1.7212	-0.9826	-1.3553	-0.2863
brca_tcga	TCGA-E9-A1RF-01	0.2885	-0.6212	0.3856	-0.9886	0.3745	-0.8483	0.2836
brca_tcga	TCGA-E9-A226-01	-0.2299	-0.0686	0.1698	-1.1209	-0.771	1.1167	-0.3596
brca_tcga	TCGA-E9-A227-01	0.3968	0.9831	-0.5364	0.8475	-0.5111	0.4007	-0.2282
brca_tcga	TCGA-E9-A228-01	0.5449	-0.8693	0.6237	-1.7429	-0.8868	-0.8874	-0.3596
brca_tcga	TCGA-E9-A229-01	0.8712	1.6178	1.3336	-0.343	-0.3214	-0.2962	-0.2445
brca_tcga	TCGA-E9-A22A-01	-0.4324	-0.5457	1.5202	-1.45	0.1063	-0.0666	0.2457
brca_tcga	TCGA-E9-A22B-01	-0.6672	-1.0847	0.3998	-0.3087	-0.0463	0.167	-0.3061
brca_tcga	TCGA-E9-A22D-01	0.3007	3.1949	3.0014	-0.6347	4.4701	-0.6196	7.1112
brca_tcga	TCGA-E9-A22E-01	0.5615	-0.5871	0.1675	-1.1554	0.0863	0.2725	-0.1558
brca_tcga	TCGA-E9-A22G-01	-0.4052	-0.8771	-0.4555	-0.0174	-0.2723	1.5113	-0.3075
brca_tcga	TCGA-E9-A22H-01	1.4079	2.2166	2.9739	1.1712	-0.1231	-0.4262	-0.2012
brca_tcga	TCGA-A2-A25B-01	3.4304	0.0439	0.1504	-1.1558	-0.3593	-0.9231	-0.2009
brca_tcga	TCGA-A2-A25C-01	0.0592	1.9816	1.5004	-0.2914	-0.2249	0.3318	-0.2857
brca_tcga	TCGA-A2-A25E-01	-0.7045	-0.9065	-0.199	-0.6087	-0.797	-1.2698	-0.3201
brca_tcga	TCGA-A2-A25F-01	2.5492	3.8372	3.3864	0.4245	2.8175	2.4977	3.9004
brca_tcga	TCGA-A7-A26E-01	0.214	1.1695	-0.459	1.145	-0.5042	0.2441	-0.3263
brca_tcga	TCGA-A7-A26F-01	3.2713	1.6055	0.858	0.43	0.2281	6.7592	-0.2497
brca_tcga	TCGA-A7-A26G-01	1.0851	0.6941	0.1629	-0.2635	-0.5249	2.8461	-0.0844
brca_tcga	TCGA-A7-A26H-01	0.7474	0.3163	0.2773	3.023	-0.5011	-0.1918	-0.2721
brca_tcga	TCGA-A7-A26I-01	0.0993	-0.0426	0.236	-1.1396	-0.8339	-0.064	-0.3133
brca_tcga	TCGA-A7-A26J-01	0.01	0.5305	0.8603	1.284	-0.4865	-0.6466	-0.336
brca_tcga	TCGA-AC-A23C-01	0.1143	0.2789	0.3011	-0.8887	0.0992	0.9863	-0.0321
brca_tcga	TCGA-AR-A24H-01	-0.2475	-0.0799	2.2539	-0.8966	-0.3258	-0.8014	-0.0763
brca_tcga	TCGA-AR-A24K-01	-0.6365	-0.5588	-0.8005	1.2381	-0.4786	-0.8756	-0.3473
brca_tcga	TCGA-AR-A24L-01	1.3638	-0.635	-0.0378	-0.1436	-0.8503	-0.2695	-0.283
brca_tcga	TCGA-AR-A24M-01	0.8951	0.2209	-0.6382	1.0346	-0.4747	0.0963	-0.349
brca_tcga	TCGA-AR-A24N-01	0.7572	-0.7162	1.2924	2.7835	0.5116	-1.0085	-0.3228
brca_tcga	TCGA-AR-A24O-01	1.1087	0.7668	-0.0838	0.9147	-0.1582	0.7926	-0.2175
brca_tcga	TCGA-AR-A24P-01	0.0973	-0.3573	-0.4518	3.2212	-0.1241	-0.0631	-0.3111
brca_tcga	TCGA-AR-A24Q-01	0.1391	-0.6219	0.3463	0.0381	-0.3152	0.5645	0.0793
brca_tcga	TCGA-AR-A24R-01	-0.6716	-0.7926	1.6578	-1.2162	0.0435	-1.2649	-0.0276
brca_tcga	TCGA-AR-A24S-01	0.7556	0.9396	1.175	0.0624	-0.5468	0.5811	-0.3105
brca_tcga	TCGA-AR-A24T-01	0.4529	0.2067	-0.235	0.2942	-0.3703	-0.3289	-0.3191
brca_tcga	TCGA-AR-A24U-01	0.7457	0.3453	0.5682	-0.5672	-0.0007	1.702	-0.0269
brca_tcga	TCGA-AR-A24V-01	1.1825	-0.4641	1.6066	1.8983	0.0986	0.4749	-0.3468
brca_tcga	TCGA-AR-A24W-01	0.6955	-0.1132	-0.8167	1.2281	0.0677	0.1886	-0.3596
brca_tcga	TCGA-AR-A24X-01	-0.3816	0.7695	-0.6363	1.9914	-0.5969	-0.5109	-0.0511
brca_tcga	TCGA-AR-A24Z-01	3.1058	-0.749	1.5358	1.9475	-0.8396	-0.5149	-0.3404
brca_tcga	TCGA-AR-A250-01	0.1585	-0.3108	0.9466	-1.3863	-0.3043	-0.3968	-0.0245
brca_tcga	TCGA-AR-A251-01	0.967	0.6177	-0.3131	1.3182	-0.4084	0.1815	-0.2348
brca_tcga	TCGA-AR-A252-01	1.7289	2.2205	1.7709	-0.5497	1.0194	0.5693	0.8068
brca_tcga	TCGA-AR-A254-01	-0.4803	0.249	0.8943	0.0783	0.1259	0.4147	0.2124
brca_tcga	TCGA-AR-A255-01	0.3173	-0.2309	1.8598	2.445	-0.1824	-0.3052	-0.1776
brca_tcga	TCGA-AR-A256-01	-0.5449	-0.9547	1.5915	-0.5569	0.0929	-0.6882	-0.3472
brca_tcga	TCGA-BH-A203-01	-0.4379	-0.9271	0.0594	-0.9359	-0.373	0.7533	-0.0143
brca_tcga	TCGA-C8-A278-01	-0.4354	0.5151	1.1659	-1.38	0.3668	1.9725	0.8509
brca_tcga	TCGA-C8-A27A-01	-0.8686	-0.2116	1.3375	-1.5373	-0.7015	-0.9658	-0.3383
brca_tcga	TCGA-C8-A27B-01	0.8381	2.7648	1.0087	-0.341	1.1305	2.4523	1.0068
brca_tcga	TCGA-E9-A1QZ-01	0.69	-0.0034	0.7423	-0.0722	0.4879	0.5195	0.0857
brca_tcga	TCGA-E9-A1RH-01	1.4726	-0.2728	-0.3348	1.546	-0.6836	1.7346	-0.1072
brca_tcga	TCGA-E9-A1RI-01	0.1047	1.8964	-0.2395	1.1149	-0.4109	-0.4971	-0.3327
brca_tcga	TCGA-E9-A243-01	0.3586	2.8456	2.8162	-0.7792	2.1192	1.6395	4.0578
brca_tcga	TCGA-E9-A244-01	-1.3347	-0.1903	-0.6765	-1.6543	-0.9183	0.7765	-0.3049
brca_tcga	TCGA-E9-A247-01	-0.9098	-0.8088	0.3718	-0.4834	-0.8828	-0.8394	-0.3596
brca_tcga	TCGA-E9-A248-01	-0.4038	0.4946	1.3243	0.4842	1.0487	0.7557	1.4164
brca_tcga	TCGA-E9-A249-01	-0.1864	1.8827	-0.2354	1.1056	0.3722	-0.5762	-0.2602
brca_tcga	TCGA-E9-A24A-01	-0.0065	0.4588	0.4301	1.1	-0.2513	0.307	-0.1712
brca_tcga	TCGA-A2-A259-01	0.501	0.1665	-0.3313	0.3738	-0.1055	0.0381	-0.2424
brca_tcga	TCGA-A2-A25A-01	1.2888	1.3088	-0.5017	-0.4931	0.272	1.0086	-0.2932
brca_tcga	TCGA-A2-A25D-01	-0.5919	1.6438	0.8461	-0.4402	0.9717	-0.411	0.2464
brca_tcga	TCGA-BH-A28Q-01	0.5086	0.0781	-0.6997	1.4404	-0.1858	-0.8739	-0.3173
brca_tcga	TCGA-C8-A26V-01	1.9436	-0.3479	1.1942	-0.0564	0.1056	-0.0906	-0.1637
brca_tcga	TCGA-C8-A26W-01	1.4956	1.8307	-0.1731	-1.1568	0.0722	-0.2098	-0.2197
brca_tcga	TCGA-C8-A26X-01	-0.0191	0.4531	0.9274	-0.9111	1.815	3.5005	1.2563
brca_tcga	TCGA-C8-A26Y-01	-0.0713	-0.5315	0.0194	1.904	0.5114	-0.49	-0.2315
brca_tcga	TCGA-C8-A26Z-01	-1.1604	-0.7424	-0.9196	0.1145	-0.8097	-0.9851	-0.3094
brca_tcga	TCGA-C8-A273-01	0.797	-1.0707	-0.4223	-1.9847	-0.378	-1.5011	-0.3105
brca_tcga	TCGA-C8-A274-01	-1.0603	-0.4808	-0.157	0.3527	-0.4086	-0.1904	-0.3364
brca_tcga	TCGA-C8-A275-01	-0.7306	-0.0249	1.0226	-1.0687	0.9476	-0.3935	0.9341
brca_tcga	TCGA-D8-A27E-01	-0.8383	-0.3945	-0.3669	1.282	-0.2294	-0.6238	-0.2993
brca_tcga	TCGA-D8-A27F-01	-0.7866	-0.0872	-0.8257	0.6821	-0.9674	0.2027	-0.3483
brca_tcga	TCGA-D8-A27G-01	1.2666	-0.3414	0.4183	-1.1112	-0.3179	-0.4702	-0.0614
brca_tcga	TCGA-D8-A27H-01	0.2895	-1.0939	-0.0735	-0.9542	-0.7995	-0.6616	-0.3309
brca_tcga	TCGA-D8-A27I-01	0.263	-0.001	-0.6499	-0.1045	-0.1848	0.3499	-0.2864
brca_tcga	TCGA-D8-A27K-01	0.7202	0.2342	-0.3074	2.378	0.0471	0.9902	-0.2096
brca_tcga	TCGA-D8-A27L-01	3.2312	1.443	-0.4465	0.8246	0.0696	0.0366	-0.3256
brca_tcga	TCGA-D8-A27M-01	0.2163	1.854	2.6643	-0.0726	3.9261	-0.2284	0.5558
brca_tcga	TCGA-D8-A27N-01	0.7827	-0.6003	0.2914	-1.1972	-0.145	-0.1921	-0.2903
brca_tcga	TCGA-D8-A27P-01	-0.1811	0.0357	-0.8266	0.3912	-0.5759	-0.1643	-0.3596
brca_tcga	TCGA-D8-A27R-01	-0.9015	-1.0522	-0.4006	-0.7297	-0.4383	-1.0532	-0.2679
brca_tcga	TCGA-D8-A27T-01	0.7978	-0.1809	0.5361	0.5647	0.3271	-0.5816	-0.1652
brca_tcga	TCGA-D8-A27W-01	-0.9362	-0.6826	0.3747	-0.0496	-0.782	-1.1648	-0.3288
brca_tcga	TCGA-E9-A1R0-01	3.2549	0.1232	-0.7216	-0.7226	-0.2476	-0.8176	-0.2122
brca_tcga	TCGA-E9-A245-01	0.7904	-0.3828	-0.5143	1.3162	-0.6123	-0.52	-0.3005
brca_tcga	TCGA-E9-A295-01	-1.2271	0.2416	-0.7174	-1.0111	-0.2967	-0.7511	-0.2585
brca_tcga	TCGA-GI-A2C8-01	-0.1516	-0.2274	-0.5729	-0.4143	0.3559	0.7923	-0.3456
brca_tcga	TCGA-AC-A2B8-01	1.6982	0.2202	0.0179	-0.1219	-0.1142	-0.1225	-0.3068
brca_tcga	TCGA-AC-A2FB-01	1.9776	1.4202	1.1576	1.5212	0.1559	0.9612	-0.1424
brca_tcga	TCGA-AC-A2FF-01	1.69	1.092	-0.4371	-0.592	-0.3268	0.1417	-0.2382
brca_tcga	TCGA-AC-A2FG-01	0.977	2.343	-0.8802	-0.3854	-0.5239	0.2976	-0.327
brca_tcga	TCGA-D8-A27V-01	0.594	2.3232	0.2811	-1.335	0.3158	-0.0205	-0.1137
brca_tcga	TCGA-EW-A2FS-01	-0.4228	-0.3877	-0.583	-1.9901	0.2524	-0.5329	-0.1267
brca_tcga	TCGA-EW-A2FV-01	0.1931	0.0433	2.0128	-1.6884	0.4322	-0.2654	-0.0616
brca_tcga	TCGA-EW-A2FW-01	-1.5833	-1.2231	-0.9721	-1.2559	-0.9851	-1.1937	-0.344
brca_tcga	TCGA-AC-A2FK-01	0.7541	0.4702	-0.71	1.5697	-0.3972	1.8296	-0.2851
brca_tcga	TCGA-AC-A2FO-01	0.4463	0.4156	0.2604	-0.0624	0.1406	0.5353	-0.2297
brca_tcga	TCGA-AR-A2LE-01	0.9703	0.6479	-0.7407	-0.3482	-0.4901	-0.6936	-0.1506
brca_tcga	TCGA-AR-A2LK-01	-0.2318	-0.9132	-0.8839	0.3138	-0.5601	-0.4879	-0.3087
brca_tcga	TCGA-AR-A2LL-01	-0.4746	-0.6528	-0.6884	0.7276	-0.73	-0.4118	-0.3143
brca_tcga	TCGA-AR-A2LM-01	1.1753	0.1647	-0.6157	0.9324	-0.3531	-0.339	-0.2831
brca_tcga	TCGA-E9-A2JS-01	-1.5994	-0.8289	0.2923	-0.868	-0.5432	-1.0848	-0.3596
brca_tcga	TCGA-GM-A2DD-01	-0.6006	0.0827	0.3256	-1.1915	0.5234	0.9213	0.1554
brca_tcga	TCGA-GM-A2DF-01	-1.4603	-0.0656	-0.707	-1.2659	-0.0928	-0.5131	-0.1704
brca_tcga	TCGA-GM-A2DH-01	-0.3055	0.7989	1.7463	-0.9016	0.7385	-0.5018	0.372
brca_tcga	TCGA-GM-A2DK-01	-0.1382	-0.4947	-0.6756	-1.3133	-0.6016	0.4761	-0.3596
brca_tcga	TCGA-GM-A2DM-01	-0.699	-1.2497	-0.6412	1.3835	-0.2682	-0.1971	-0.2948
brca_tcga	TCGA-GM-A2DN-01	-0.5069	0.2147	0.8311	0.7124	2.1477	2.0377	0.2057
brca_tcga	TCGA-AC-A2QH-01	-1.1459	-1.0457	-0.9475	-2.118	-1.1122	-1.2352	-0.2906
brca_tcga	TCGA-AR-A2LH-01	0.1872	0.0964	-0.0045	-0.2719	0.6967	0.5396	-0.3376
brca_tcga	TCGA-AR-A2LN-01	0.4565	0.4757	-0.6719	0.0897	1.012	-0.0339	-0.313
brca_tcga	TCGA-AR-A2LO-01	-0.267	-0.5454	-0.3927	-0.4828	0.3951	-0.2386	-0.123
brca_tcga	TCGA-AR-A2LQ-01	0.6711	0.6231	-0.7944	0.3766	-0.9593	1.8179	-0.3596
brca_tcga	TCGA-AR-A2LR-01	-0.8955	-0.4383	-0.554	-0.3672	-1.0199	-0.8341	-0.3393
brca_tcga	TCGA-B6-A2IU-01	-0.0886	0.6704	-0.8219	-1.0752	0.0232	-1.5478	-0.3295
brca_tcga	TCGA-BH-A2L8-01	0.2304	0.2025	1.4586	-0.2467	2.0714	-0.6199	0.2717
brca_tcga	TCGA-E9-A2JT-01	2.4344	2.5845	1.3386	-0.7493	2.8398	0.5043	2.102
brca_tcga	TCGA-GM-A2D9-01	-1.3811	-0.3934	-0.7105	-0.9513	-0.3437	-0.4215	-0.3596
brca_tcga	TCGA-GM-A2DA-01	-0.637	0.4781	-0.6018	-1.7304	0.3205	-0.3376	1.2318
brca_tcga	TCGA-GM-A2DB-01	-1.3512	-0.7633	-0.6095	-1.6968	2.312	0.048	-0.2347
brca_tcga	TCGA-GM-A2DC-01	-1.6717	-1.323	-0.9408	-1.2021	-0.3933	-1.3764	-0.2909
brca_tcga	TCGA-GM-A2DI-01	3.637	3.0955	1.6416	0.3219	1.8419	0.8563	0.0048
brca_tcga	TCGA-GM-A2DL-01	0.7067	0.7193	-0.6062	-1.4288	0.1785	-0.3515	-0.2609
brca_tcga	TCGA-GM-A2DO-01	-0.0609	1.6931	1.0907	-1.4464	1.8378	1.3087	1.1243
brca_tcga	TCGA-HN-A2NL-01	-1.3853	-1.4222	-0.2859	-1.664	-0.419	-1.2513	-0.1171
brca_tcga	TCGA-AC-A2FE-01	-0.6972	-0.1597	0.504	-0.1446	1.4851	0.4578	0.4697
brca_tcga	TCGA-AC-A2FM-01	-0.9409	0.4212	-0.8776	-1.0596	-0.499	-0.9376	-0.3316
brca_tcga	TCGA-AC-A2QI-01	0.0896	-0.576	-0.5321	1.2514	0.1222	-0.1929	-0.2532
brca_tcga	TCGA-AC-A2QJ-01	-1.4372	-1.5978	-1.0251	-1.7723	-0.0859	-0.5879	-0.335
brca_tcga	TCGA-AC-A3BB-01	-0.6533	-0.0358	-0.3419	-0.3021	0.7286	-0.4616	-0.2383
brca_tcga	TCGA-AR-A2LJ-01	-1.0277	-0.7898	-0.6703	-0.7348	0.2615	-0.2985	-0.1286
brca_tcga	TCGA-BH-A0B6-01	-0.6528	1.1795	3.9332	-0.7599	4.115	0.0994	1.072
brca_tcga	TCGA-E2-A1LE-01	-0.3772	-0.7906	-0.4745	-1.664	-0.3877	0.1727	0.1014
brca_tcga	TCGA-E2-A2P5-01	-1.7756	-1.0595	-0.7769	-1.4381	0.3402	-0.9882	-0.2819
brca_tcga	TCGA-E2-A2P6-01	-1.4567	-0.9091	-0.8935	-1.4814	-0.1863	-0.8558	-0.2863
brca_tcga	TCGA-A2-A3KC-01	-0.4503	-0.4169	-0.6757	-0.2405	-0.6933	-0.3219	-0.3447
brca_tcga	TCGA-A2-A3KD-01	0.6668	-0.5032	-0.7667	1.171	-0.7327	-0.5193	-0.1485
brca_tcga	TCGA-A7-A3IZ-01	-1.3519	-1.2303	-0.736	-0.7201	-1.1339	-1.1794	-0.3596
brca_tcga	TCGA-A7-A3J0-01	1.2328	3.3949	-0.4041	3.4608	-0.2986	-0.9705	0.2567
brca_tcga	TCGA-A7-A3J1-01	-0.5645	0.4924	1.0453	0.1682	0.466	-0.6357	-0.2075
brca_tcga	TCGA-AC-A23G-01	0.339	-0.5735	-0.7688	0.5689	0.0699	-0.2357	-0.2987
brca_tcga	TCGA-AC-A3HN-01	0.0548	-0.2228	-0.4106	0.0618	0.5145	-0.1834	-0.1721
brca_tcga	TCGA-C8-A3M8-01	-0.426	-1.3216	-0.9199	-0.8949	-0.769	-0.9883	-0.3261
brca_tcga	TCGA-E2-A3DX-01	0.815	1.0499	-0.4214	0.8524	-0.0558	1.3687	-0.279
brca_tcga	TCGA-E9-A3HO-01	-1.0135	-0.6929	-0.3376	-1.3449	-0.1162	-1.1742	-0.0078
brca_tcga	TCGA-A7-A2KD-01	-0.2122	-0.2888	0.1717	3.6744	-0.1888	1.0536	-0.1584
brca_tcga	TCGA-A7-A3IY-01	0.1239	-0.4652	-0.4379	-0.1687	-0.2223	1.0209	-0.3157
brca_tcga	TCGA-AC-A2BK-01	-1.3703	1.4053	-0.7993	-1.729	-1.1002	-1.5998	-0.2257
brca_tcga	TCGA-AC-A2BM-01	-1.2649	-0.2088	0.8965	-1.4253	-0.7251	-1.3914	-0.2874
brca_tcga	TCGA-AC-A3OD-01	-0.5058	-0.1193	0.7687	-0.3019	0.0472	0.2043	-0.1334
brca_tcga	TCGA-B6-A0I1-01	-1.6823	-1.545	-0.7368	7.1261	-0.7774	-1.0999	-0.3461
brca_tcga	TCGA-C8-A3M7-01	-0.3626	0.573	-0.8076	-1.3909	-0.5283	1.0079	-0.3459
brca_tcga	TCGA-E9-A3Q9-01	-0.0392	-0.0577	-0.6917	-0.2492	-0.3364	-0.0248	-0.2778
brca_tcga	TCGA-EW-A1PC-01	-1.4253	-0.5872	1.1347	0.4561	-0.3038	-0.765	-0.3596
brca_tcga	TCGA-EW-A2FR-01	-0.2703	-0.6464	-0.4318	-1.0643	-0.4592	-0.384	-0.234
brca_tcga	TCGA-GI-A2C9-01	-0.5411	0.0532	0.0811	-0.8404	-0.7198	0.7873	-0.3177
brca_tcga	TCGA-GM-A3NY-01	-0.8691	-0.5083	-0.9051	-0.2465	-0.2804	-0.7313	-0.3015
brca_tcga	TCGA-A2-A0CK-01	-0.7645	-0.9156	-0.8923	-0.4692	0.2523	-0.7819	-0.1904
brca_tcga	TCGA-A2-A0CO-01	-0.1994	-0.1527	-0.1838	0.8283	1.337	-0.03	-0.2371
brca_tcga	TCGA-A2-A0CR-01	-0.4798	-0.7313	-0.1174	-1.2598	4.2842	-0.3446	0.3499
brca_tcga	TCGA-A7-A13H-01	-0.3542	-0.1296	-0.2669	-0.3298	0.4246	0.2132	-0.0399
brca_tcga	TCGA-A7-A3RF-01	-1.0308	-1.3579	-0.5982	-1.1278	-0.807	-1.4303	-0.3454
brca_tcga	TCGA-AC-A3EH-01	-1.2549	-0.95	-0.7936	1.5212	-0.5549	-0.6602	-0.3162
brca_tcga	TCGA-AC-A3TM-01	-0.9283	-1.3524	-0.9543	-1.3068	0.0857	-1.4854	-0.2836
brca_tcga	TCGA-AC-A3TN-01	-1.75	-1.34	-1.001	-0.6168	-0.088	-0.8631	-0.3439
brca_tcga	TCGA-AC-A3W5-01	-0.5536	-0.2112	-0.2568	-1.1943	0.5895	0.0833	0.0366
brca_tcga	TCGA-AC-A3W6-01	-0.8848	-0.5489	-0.418	-0.8563	0.8772	-0.0611	-0.1142
brca_tcga	TCGA-AC-A3W7-01	-0.8185	-0.2183	-0.8339	-0.8788	0.1823	-0.6201	-0.3596
brca_tcga	TCGA-AR-A1AM-01	-0.3198	-0.6292	-0.579	0.1992	-0.2532	-0.3987	-0.2412
brca_tcga	TCGA-BH-A28O-01	-0.2246	-0.497	-0.8657	-0.1903	-0.5764	1.2647	-0.3288
brca_tcga	TCGA-E2-A14U-01	-0.6842	0.6814	-0.933	-0.33	-0.798	-0.0362	-0.3335
brca_tcga	TCGA-E9-A3QA-01	-0.1133	1.1559	0.937	-0.3034	4.0393	2.0446	0.7892
brca_tcga	TCGA-EW-A3U0-01	-1.0869	0.4046	0.6055	0.3716	1.8006	-0.0736	1.4329
brca_tcga	TCGA-GM-A3NW-01	-1.5863	-0.5752	-0.4212	-0.4392	-0.5612	-0.3482	-0.3441
brca_tcga	TCGA-A2-A0EP-01	0.0757	0.9141	-0.4041	-0.8781	0.8496	1.4402	0.0995
brca_tcga	TCGA-A2-A3XS-01	-0.7042	-1.0269	-0.8212	-0.7017	-0.7352	-0.5259	-0.2634
brca_tcga	TCGA-A2-A3XT-01	-0.561	0.1937	-0.3751	-1.5656	0.5834	-0.0451	-0.1223
brca_tcga	TCGA-A2-A3XU-01	-1.3527	-1.755	-1.0707	-1.3728	-0.3923	-0.4286	-0.3596
brca_tcga	TCGA-AC-A3QP-01	-1.175	-0.8298	-0.9278	-0.519	-0.6863	1.3021	-0.2636
brca_tcga	TCGA-AC-A3YJ-01	-1.6284	-0.9478	-0.9199	-1.6364	-0.3543	-0.6447	-0.239
brca_tcga	TCGA-E9-A3X8-01	-1.3614	-0.4924	-0.7567	-1.8009	1.366	-1.09	0.1316
brca_tcga	TCGA-GM-A3XL-01	-1.5133	-0.8394	1.6442	-0.1138	2.433	1.1273	0.8
brca_tcga	TCGA-GM-A3XN-01	-0.0611	-0.2666	-0.567	-0.1178	0.1483	0.1006	-0.315
brca_tcga	TCGA-JL-A3YX-01	-1.2623	-0.7829	-1.0402	0.0907	-0.4268	-1.0115	-0.3596
brca_tcga	TCGA-A2-A3XV-01	-1.9683	-1.7017	-1.0078	-0.6025	-0.9653	1.3924	-0.2695
brca_tcga	TCGA-A2-A3XW-01	-1.1794	-1.3195	-0.4506	-0.7229	0.2098	-0.3329	-0.3596
brca_tcga	TCGA-A2-A3XX-01	-1.1806	-1.1285	-0.7029	-0.9451	-0.5224	-0.2339	-0.2591
brca_tcga	TCGA-A2-A3XY-01	-1.0657	-0.3825	0.448	-0.5895	0.1188	-0.0714	-0.2714
brca_tcga	TCGA-A2-A3XZ-01	-0.8009	-0.7786	-0.2775	-1.0261	0.6777	0.0066	0.3186
brca_tcga	TCGA-A2-A3Y0-01	-1.3405	-0.6361	0.4636	-0.6946	2.4395	0.8104	2.1568
brca_tcga	TCGA-AC-A3YI-01	0.1346	-0.4018	-0.8022	1.8161	0.8968	1.4502	-0.2763
brca_tcga	TCGA-B6-A3ZX-01	-0.0239	0.2788	-0.5822	-0.4431	0.7009	0.174	0.1931
brca_tcga	TCGA-B6-A400-01	-1.4239	-0.7483	-0.2851	-0.961	-0.302	-1.0931	-0.3351
brca_tcga	TCGA-B6-A401-01	-0.0109	-0.3581	-0.7972	0.2854	-0.1371	-0.6051	-0.3023
brca_tcga	TCGA-B6-A402-01	-1.9312	-1.5327	-0.8197	-1.0889	-0.8665	-0.7281	-0.3596
brca_tcga	TCGA-B6-A40B-01	-0.9019	-0.9699	-1.0139	0.4805	1.5057	0.2684	-0.3328
brca_tcga	TCGA-B6-A40C-01	-0.6767	-1.0973	-0.7848	-0.81	-0.3169	-1.0026	-0.2677
brca_tcga	TCGA-D8-A3Z6-01	-1.123	-0.2347	-0.6081	0.5386	-0.5444	-0.33	-0.3459
brca_tcga	TCGA-JL-A3YW-01	-0.8443	-0.6226	0.629	-0.2084	1.9055	1.2585	0.636
brca_tcga	TCGA-A7-A425-01	-1.2026	-1.0704	-1.0117	-0.66	-0.4159	0.5068	-0.3596
brca_tcga	TCGA-A7-A426-01	-0.2609	-0.381	-0.8636	-1.3288	-0.5717	-0.0398	-0.3364
brca_tcga	TCGA-B6-A408-01	-1.3842	-0.9894	0.4452	-0.9517	0.6628	-0.4495	-0.154
brca_tcga	TCGA-B6-A409-01	-0.8354	-1.1126	-0.9166	-1.7339	-0.2885	0.1395	-0.333
brca_tcga	TCGA-BH-A42T-01	-1.7662	-1.505	-0.8844	-0.0793	-0.3274	-0.6555	-0.2795
brca_tcga	TCGA-BH-A42U-01	-1.0183	-0.8443	-0.7952	-0.7784	0.7848	0.4334	0.063
brca_tcga	TCGA-BH-A42V-01	-0.2107	0.0775	-0.9017	-0.8481	-0.6059	-0.1009	0.0427
brca_tcga	TCGA-D8-A3Z5-01	-1.0266	-1.0635	-1.0361	-0.3733	-0.0501	-0.8417	-0.1888
brca_tcga	TCGA-EW-A3E8-01	-1.0224	0.045	0.5402	-0.5932	1.5207	-0.7404	0.1018
brca_tcga	TCGA-EW-A423-01	-1.5532	-1.1959	-0.8939	-1.7104	0.4796	-0.2648	-0.1807
brca_tcga	TCGA-GM-A3XG-01	-0.8149	-0.6378	-0.9957	-0.6816	-0.9411	0.4193	-0.3596
brca_tcga	TCGA-LL-A440-01	-0.1401	0.0577	-0.8646	0.2021	-0.1014	1.0664	-0.3456
brca_tcga	TCGA-LL-A441-01	-0.2318	-0.0581	-0.0176	-0.8374	0.3334	3.3146	-0.1091
brca_tcga	TCGA-A2-A4RW-01	-0.4725	-0.0674	-0.5773	1.2375	-0.6243	-0.231	-0.0554
brca_tcga	TCGA-A2-A4RX-01	-0.3663	-0.2338	-0.5705	1.6757	-0.4106	0.1789	-0.2804
brca_tcga	TCGA-A2-A4RY-01	-0.1846	0.5025	-0.8119	0.2819	-0.1181	-0.0725	-0.2359
brca_tcga	TCGA-A2-A4S0-01	-0.235	-0.9739	-0.8064	0.6838	-0.8217	-0.9457	-0.3378
brca_tcga	TCGA-A2-A4S1-01	-0.9275	-0.9493	-0.6625	-1.8386	0.0108	0.1881	-0.1102
brca_tcga	TCGA-A2-A4S2-01	-1.4136	1.5504	2.2829	0.227	0.9691	-0.5357	-0.2771
brca_tcga	TCGA-A2-A4S3-01	-1.3757	-0.8625	0.8997	-0.725	0.0843	-1.0809	0.0684
brca_tcga	TCGA-A7-A4SA-01	-0.0318	-0.4377	0.237	-0.8119	0.918	0.2627	-0.0824
brca_tcga	TCGA-A7-A4SB-01	-0.6503	-0.8821	-0.8826	-0.7304	-0.7607	-1.1326	-0.3596
brca_tcga	TCGA-A7-A4SD-01	-0.6311	0.3056	1.862	3.5949	1.7554	1.3891	0.2446
brca_tcga	TCGA-A7-A4SE-01	-0.1765	-0.9937	0.6088	-1.377	-0.3907	-0.3983	-0.3596
brca_tcga	TCGA-A7-A4SF-01	-1.4534	-0.7322	-0.6838	-1.9795	-0.4277	-1.0901	-0.3596
brca_tcga	TCGA-AQ-A54N-01	-1.5193	-1.5251	-0.7897	-2.0212	-0.5055	-1.5425	-0.3024
brca_tcga	TCGA-AQ-A54O-01	-1.8726	-0.3523	-0.9613	-1.8641	-0.067	-1.3823	-0.3596
brca_tcga	TCGA-D8-A4Z1-01	-0.1725	-0.0766	-0.755	-0.0547	-0.3875	-0.0509	-0.2736
brca_tcga	TCGA-E9-A54X-01	-1.0753	-1.4395	-0.8795	-0.8341	-0.5064	-1.1763	-0.3596
brca_tcga	TCGA-E9-A54Y-01	-2.2533	-1.682	-1.1545	-2.1865	-1.003	-1.6682	-0.3348
brca_tcga	TCGA-GM-A4E0-01	-0.0637	0.3582	-0.8419	-0.7004	-0.266	3.042	0.1017
brca_tcga	TCGA-LL-A50Y-01	-1.7222	-1.3382	-0.9495	-1.1104	-0.247	-0.4224	-0.3596
brca_tcga	TCGA-LQ-A4E4-01	-1.1187	-0.193	-0.9595	-2.0218	-0.836	-0.7566	-0.3178
brca_tcga	TCGA-MS-A51U-01	-0.216	0.2735	-0.0713	0.2073	0.2519	-0.6544	-0.2067
brca_tcga	TCGA-A7-A56D-01	-1.7603	-1.6411	0.1361	-2.1826	0.1309	-1.2972	-0.1919
brca_tcga	TCGA-AR-A5QM-01	-0.6204	-0.1061	-0.4329	-0.2228	0.9988	-0.2108	-0.2477
brca_tcga	TCGA-BH-A5IZ-01	-0.9287	-0.6309	-1.0007	-1.5803	-0.3301	-0.7499	-0.3247
brca_tcga	TCGA-BH-A5J0-01	-1.4211	-0.7317	-0.1715	-1.718	0.5558	-0.1747	0.242
brca_tcga	TCGA-E9-A5FK-01	-0.9276	-0.4881	0.5917	-1.1393	2.977	-0.0958	0.3446
brca_tcga	TCGA-E9-A5FL-01	-1.376	-1.3064	-0.8063	-1.7821	-0.2507	0.1188	-0.3596
brca_tcga	TCGA-HN-A2OB-01	0.2135	0.2003	-0.917	-0.2733	-0.7526	-0.0507	-0.3408
brca_tcga	TCGA-OK-A5Q2-01	-0.7069	-0.4353	-0.6583	-0.252	-0.5269	0.3486	-0.2959
brca_tcga	TCGA-OL-A5D6-01	-0.9408	-0.995	-0.8576	-1.0606	-0.9536	1.9592	-0.3381
brca_tcga	TCGA-OL-A5D7-01	-1.5425	-1.2188	0.014	0.5111	1.5723	-1.3468	0.741
brca_tcga	TCGA-OL-A5D8-01	-1.3113	-0.689	0.7985	0.2501	-0.0044	-1.4134	-0.2903
brca_tcga	TCGA-OL-A5DA-01	-0.6523	-0.5516	-0.1691	-0.2612	0.0945	-1.1946	-0.0292
brca_tcga	TCGA-PE-A5DC-01	-0.535	-1.1812	-0.3952	-1.5273	-0.2595	-1.2707	-0.3237
brca_tcga	TCGA-PE-A5DD-01	-1.3058	-0.5549	-0.7305	-1.4029	0.1344	-0.7359	-0.2763
brca_tcga	TCGA-PE-A5DE-01	0.009	1.3211	1.4246	-0.603	3.4732	-0.3025	0.9796
brca_tcga	TCGA-A7-A5ZV-01	0.5991	-0.862	-0.6693	-1.318	-0.7144	-0.4484	-0.3596
brca_tcga	TCGA-AC-A5EH-01	-0.4375	-1.2833	-0.4138	-0.938	-0.2633	0.3609	-0.3251
brca_tcga	TCGA-AC-A5XU-01	-0.9732	-1.3194	-0.759	-1.2593	-0.4998	-0.9917	-0.3596
brca_tcga	TCGA-AR-A5QN-01	-1.2381	-0.6045	0.3298	1.3936	0.0077	0.7292	-0.3596
brca_tcga	TCGA-AR-A5QP-01	-0.685	-0.8644	-0.8278	-0.2641	-0.3318	-0.1991	-0.1749
brca_tcga	TCGA-AR-A5QQ-01	-0.7579	-0.4212	0.5722	-0.9791	2.0919	0.279	0.1813
brca_tcga	TCGA-E9-A5UO-01	-1.1323	-1.4611	-0.405	-0.8227	-0.9499	-1.7621	-0.3596
brca_tcga	TCGA-E9-A5UP-01	-1.7786	-1.2786	-0.4124	2.5383	1.7549	-0.8394	-0.3596
brca_tcga	TCGA-GM-A5PV-01	-0.6445	-0.484	-0.7639	-1.8045	-0.3669	-0.1205	-0.3264
brca_tcga	TCGA-GM-A5PX-01	-0.9297	-0.7595	-0.9176	-1.3301	-0.2626	0.3513	-0.3596
brca_tcga	TCGA-LL-A5YM-01	-1.8575	-1.2925	-0.8726	-0.3014	-0.056	-1.7872	-0.3596
brca_tcga	TCGA-LL-A5YN-01	-1.3694	-1.0182	0.2956	-1.4702	1.5385	-0.6797	0.3843
brca_tcga	TCGA-LL-A5YO-01	-0.9464	0.6051	0.7204	-1.5968	3.6679	0.7355	2.5464
brca_tcga	TCGA-LL-A5YP-01	-1.3257	-1.2883	-0.8062	-0.6638	-0.4731	0.1354	-0.3217
brca_tcga	TCGA-OL-A5RU-01	-0.5101	-0.1623	-0.392	-0.661	0.6244	-0.3602	-0.3053
brca_tcga	TCGA-OL-A5RV-01	-0.546	0.5073	-0.8714	0.6035	-0.6316	-0.1411	-0.3421
brca_tcga	TCGA-OL-A5RW-01	-2.2018	-1.1399	0.5598	-1.653	0.2321	-1.6776	-0.3175
brca_tcga	TCGA-OL-A5RX-01	-0.0673	-0.7186	-0.8794	1.2522	0.782	1.2862	-0.2902
brca_tcga	TCGA-OL-A5RY-01	-0.0384	-0.2113	-0.4056	-1.4021	0.1074	4.0312	0.0032
brca_tcga	TCGA-OL-A5RZ-01	-1.4788	-1.5647	-1.0965	-2.2132	-1.1094	-1.4364	-0.3382
brca_tcga	TCGA-OL-A5S0-01	-1.4803	-1.3745	-0.3875	-0.964	-0.0178	-0.7765	-0.1686
brca_tcga	TCGA-A7-A5ZW-01	0.0478	0.6146	-0.5904	-0.4836	-0.2188	0.7565	-0.2661
brca_tcga	TCGA-A7-A5ZX-01	-0.319	-0.4351	-0.9003	-0.2453	-0.6289	0.3422	-0.3596
brca_tcga	TCGA-AC-A5XS-01	-0.7589	-0.3646	0.2339	-1.3416	0.6116	0.8759	-0.204
brca_tcga	TCGA-AC-A62X-01	-1.1275	1.513	0.5073	1.6922	-0.6365	2.0431	-0.3596
brca_tcga	TCGA-AC-A62Y-01	-0.6096	-0.0313	-0.133	-0.9473	0.0952	-0.03	-0.1525
brca_tcga	TCGA-E2-A56Z-01	-1.6009	-0.2531	-0.4734	-1.5772	-0.1847	-0.8267	-0.2463
brca_tcga	TCGA-E2-A570-01	-0.7259	0.5709	-0.8258	-0.6222	-0.2362	-0.3583	-0.3596
brca_tcga	TCGA-E2-A573-01	-1.3185	0.6532	1.071	-0.3131	0.7468	0.2128	1.1074
brca_tcga	TCGA-E2-A574-01	-1.9561	-1.6376	-0.9256	-2.1589	-0.7667	1.0186	-0.3596
brca_tcga	TCGA-LL-A5YL-01	-1.7959	-1.4063	-0.7448	-1.2554	0.022	-0.0577	-0.1585
brca_tcga	TCGA-OL-A66H-01	-1.3979	-0.5226	0.807	-0.3709	-0.4501	0.2107	-0.2723
brca_tcga	TCGA-OL-A66I-01	-0.5891	0.0846	1.0229	-1.1323	1.5048	0.5035	2.524
brca_tcga	TCGA-OL-A66J-01	-0.6519	-0.7829	-0.9314	-0.6566	-0.2437	0.6194	-0.3407
brca_tcga	TCGA-OL-A66K-01	-1.0735	-0.4339	-0.9123	0.105	-0.0479	0.1607	-0.3422
brca_tcga	TCGA-A2-A0CX-01	1.4839	-0.6598	0.2033	-1.2789	-0.302	0.4306	-0.1737
brca_tcga	TCGA-A2-A0D0-01	-1.0203	-0.5548	0.6731	-1.5171	1.4595	5.3981	1.0547
brca_tcga	TCGA-A2-A0D4-01	0.0865	1.7137	-0.6787	-1.2783	-0.126	-1.038	-0.3373
brca_tcga	TCGA-A7-A0CD-01	-0.7776	-0.7376	-0.3215	-0.5162	-0.4	-1.44	-0.3352
brca_tcga	TCGA-A7-A0CE-01	-0.4375	-0.5613	-0.2699	-0.2086	-0.5268	-0.0654	-0.3028
brca_tcga	TCGA-A7-A0CG-01	0.4568	0.954	-0.1447	-0.8587	0.0079	0.3652	-0.1788
brca_tcga	TCGA-A7-A0CH-01	-0.493	0.0284	-0.5582	0.4842	-0.5272	-0.2874	-0.3596
brca_tcga	TCGA-A7-A0CJ-01	-0.2905	-0.2084	0.0954	-1.2279	-0.1877	-1.2114	-0.2332
brca_tcga	TCGA-A7-A0DB-01	-0.2242	1.0166	-0.8262	-0.6705	-0.562	0.0873	-0.3596
brca_tcga	TCGA-A8-A06N-01	-0.703	-1.0775	1.2024	-0.73	-0.5349	-1.6069	-0.3308
brca_tcga	TCGA-A8-A06O-01	-0.9608	-0.9336	-0.4498	-0.007	-0.4011	-1.1757	-0.3169
brca_tcga	TCGA-A8-A06P-01	1.6586	0.4164	-0.7099	0.1798	-0.8132	-0.3195	-0.3181
brca_tcga	TCGA-A8-A06R-01	-0.9101	-0.8267	0.4912	-1.8835	0.0522	-0.1466	-0.2385
brca_tcga	TCGA-A8-A06T-01	-1.1092	0.1423	0.5375	-0.7389	0.5209	-1.2443	0.11
brca_tcga	TCGA-A8-A06U-01	-0.9264	-0.8657	3.3361	0.2474	1.2571	-0.0429	-0.0501
brca_tcga	TCGA-A8-A06X-01	-0.3787	-0.1465	1.4253	-1.9096	0.0226	-1.1347	0.0149
brca_tcga	TCGA-A8-A06Y-01	-1.0931	-0.7351	-0.3983	-0.1505	-0.7332	-1.0762	-0.3596
brca_tcga	TCGA-A8-A06Z-01	0.4446	-1.3799	-0.8471	0.1368	-0.2966	-1.1943	-0.3596
brca_tcga	TCGA-A8-A076-01	-1.1219	-0.6812	0.3792	-1.5434	-0.7464	-0.6365	-0.3471
brca_tcga	TCGA-A8-A079-01	-0.5753	-1.2375	-0.5986	-1.3593	-0.7752	-1.2654	-0.3312
brca_tcga	TCGA-A8-A07B-01	-1.0508	-0.2158	-0.4684	-1.3615	-0.7759	0.0003	-0.3596
brca_tcga	TCGA-A8-A07F-01	0.5792	2.2817	-0.321	1.0657	-0.134	0.8335	-0.3134
brca_tcga	TCGA-A8-A07I-01	-0.4837	-0.6499	2.0856	-0.9497	0.6891	-0.4959	-0.3411
brca_tcga	TCGA-A8-A07J-01	1.3229	-0.0504	-0.1493	0.0108	-0.5707	0.3054	-0.3018
brca_tcga	TCGA-A8-A07L-01	-0.4998	-0.1208	-0.6779	-1.9354	-0.7293	-0.9539	-0.3453
brca_tcga	TCGA-A8-A07O-01	0.2	-0.8763	-0.6011	2.366	-0.6	-0.3574	-0.3346
brca_tcga	TCGA-A8-A07P-01	-0.7441	-0.587	-0.2657	-0.7814	-0.7194	0.1542	-0.3596
brca_tcga	TCGA-A8-A07W-01	-0.1582	-1.0081	-0.561	-1.0253	-0.441	-0.8906	-0.2798
brca_tcga	TCGA-A8-A07Z-01	-1.6635	-0.5689	0.2518	-0.8951	0.0093	-0.8105	-0.2567
brca_tcga	TCGA-A8-A081-01	-1.1281	-0.9043	1.7226	0.8839	0.8369	0.2102	0.7731
brca_tcga	TCGA-A8-A082-01	0.4817	-0.4913	-0.7254	-1.2338	-0.9109	-0.6659	-0.3596
brca_tcga	TCGA-A8-A083-01	0.2574	-0.5791	0.9117	0.1457	-0.4417	-0.0872	-0.3596
brca_tcga	TCGA-A8-A084-01	-0.6343	-0.5132	2.7291	-1.0386	-0.1818	0.4919	-0.3596
brca_tcga	TCGA-A8-A085-01	-0.1452	-1.1783	-0.9208	-0.9447	-0.7768	-1.2666	-0.3596
brca_tcga	TCGA-A8-A086-01	0.9085	-0.7338	-0.4115	-0.4548	-0.818	-0.6212	-0.3596
brca_tcga	TCGA-A8-A08A-01	-1.5198	-0.1374	-0.5653	-0.5274	-0.3622	-0.3777	-0.2838
brca_tcga	TCGA-A8-A08B-01	-1.253	-1.0238	2.0175	-0.8548	0.0137	-0.1727	-0.3596
brca_tcga	TCGA-A8-A08C-01	0.5862	0.1715	-0.5723	0.6183	-0.5375	-0.3216	-0.2178
brca_tcga	TCGA-A8-A08F-01	-0.681	-0.6001	1.5896	-1.1924	-0.0809	-0.3415	-0.0036
brca_tcga	TCGA-A8-A08G-01	-0.8194	-0.7474	0.4532	-0.4483	-0.2058	-0.7795	-0.2016
brca_tcga	TCGA-A8-A08H-01	1.145	0.7548	-0.3544	-0.4805	-0.2514	2.0179	-0.285
brca_tcga	TCGA-A8-A08I-01	1.4391	3.4244	5.2688	1.3212	4.4055	0.5333	3.0399
brca_tcga	TCGA-A8-A08J-01	-1.3441	-1.0888	1.1945	-1.3175	-0.4895	-0.8721	-0.3317
brca_tcga	TCGA-A8-A08L-01	0.0083	-1.122	-0.1409	-0.9243	-0.365	-0.7527	0.3446
brca_tcga	TCGA-A8-A08P-01	-0.5792	-0.031	1.6928	-0.5842	0.5511	-0.2974	0.7686
brca_tcga	TCGA-A8-A08T-01	-0.8896	-0.1153	-0.9345	-0.2969	-0.15	-0.8201	-0.3457
brca_tcga	TCGA-A8-A08X-01	-0.5818	0.0636	-0.3949	-1.3674	0.0069	0.2196	0.0679
brca_tcga	TCGA-A8-A08Z-01	1.6099	0.2028	-0.6089	0.4444	-0.4592	0.5194	-0.3596
brca_tcga	TCGA-A8-A090-01	-0.2102	-0.2183	0.448	2.6013	0.0914	-0.6773	-0.265
brca_tcga	TCGA-A8-A091-01	-0.714	-0.862	-0.8381	-1.2129	-0.9638	-1.1296	-0.2878
brca_tcga	TCGA-A8-A092-01	-1.2933	-0.9215	0.1027	1.37	-0.7477	-1.0351	-0.3473
brca_tcga	TCGA-A8-A093-01	-0.2588	-0.9582	-0.8764	-0.128	-0.6396	-1.0802	-0.3596
brca_tcga	TCGA-A8-A094-01	-0.4035	0.3378	0.3169	-1.6035	-0.0213	4.1956	2.3084
brca_tcga	TCGA-A8-A095-01	0.3484	0.0517	-0.7295	0.4985	-0.56	-0.6054	-0.2879
brca_tcga	TCGA-A8-A096-01	0.6932	0.5193	1.9909	1.4008	1.5311	0.4072	0.2705
brca_tcga	TCGA-A8-A099-01	-1.3272	-0.3611	-0.4232	0.3902	-0.6643	-0.3661	-0.2593
brca_tcga	TCGA-A8-A09A-01	0.4626	-0.5025	-0.3387	0.0311	-0.5512	-0.1986	-0.1509
brca_tcga	TCGA-A8-A09B-01	0.8681	-0.7743	-0.8165	0.6367	-0.4545	-0.7175	-0.2429
brca_tcga	TCGA-A8-A09C-01	-0.9365	-1.3107	-0.8306	-0.8995	-0.6928	-1.2426	-0.3596
brca_tcga	TCGA-A8-A09D-01	0.0641	-0.3299	0.2015	-1.5789	-0.7577	-0.2842	-0.2756
brca_tcga	TCGA-A8-A09E-01	-1.1685	-1.2273	1.4864	-0.6465	-0.7698	-1.4586	-0.3109
brca_tcga	TCGA-A8-A09G-01	-0.471	0.6408	0.6164	4.9676	0.657	0.6261	0.1788
brca_tcga	TCGA-A8-A09K-01	-0.7689	-0.7664	-0.1183	-2.1533	-0.0518	-1.4249	1.0712
brca_tcga	TCGA-A8-A09M-01	-0.885	-1.0044	1.8378	-0.6813	0.1833	-0.4423	0.1468
brca_tcga	TCGA-A8-A09N-01	-1.2575	-0.9793	-0.3398	-1.313	0.0768	-1.103	-0.1403
brca_tcga	TCGA-A8-A09Q-01	-0.7013	-0.1919	-0.3275	-1.0868	-0.4597	-0.359	0.1473
brca_tcga	TCGA-A8-A09R-01	-0.5949	-0.1017	2.1556	0.5179	1.5961	-0.6075	0.5566
brca_tcga	TCGA-A8-A09T-01	1.089	0.5425	-0.8263	-0.2225	-0.5313	-0.1348	-0.3596
brca_tcga	TCGA-A8-A09W-01	-0.6333	-0.8701	-0.2795	-1.1144	-0.2818	-0.5481	-0.3245
brca_tcga	TCGA-A8-A09X-01	-0.7162	-0.2036	-0.0205	-1.0348	0.2051	-0.3502	0.1258
brca_tcga	TCGA-A8-A09Z-01	0.8422	0.4231	1.4265	1.2371	6.5915	-1.0111	-0.0607
brca_tcga	TCGA-A8-A0A1-01	-0.4257	1.1429	0.8119	0.1712	0.6418	0.2952	0.0398
brca_tcga	TCGA-A8-A0A4-01	1.2666	0.1335	-0.4518	0.1724	-0.6715	-1.0531	-0.3049
brca_tcga	TCGA-A8-A0A7-01	0.4317	1.1551	2.6139	-1.079	1.707	0.1792	1.301
brca_tcga	TCGA-A8-A0A9-01	-0.1554	-0.7245	-0.0245	0.3973	0.6404	-0.8366	-0.2983
brca_tcga	TCGA-AN-A03X-01	-0.6884	-1.1976	-0.3617	-0.7382	-0.6823	0.8094	-0.3596
brca_tcga	TCGA-AN-A03Y-01	-1.5152	-1.4153	-0.677	1.1931	-0.6613	-0.9943	-0.225
brca_tcga	TCGA-AN-A049-01	0.3153	-0.8542	1.7732	0.6354	-0.5067	-0.14	-0.3238
brca_tcga	TCGA-AN-A0AJ-01	-1.2936	-0.549	0.7845	-0.6004	0.5778	-0.7799	0.8803
brca_tcga	TCGA-AN-A0AK-01	-2.2588	-1.1963	-0.4468	-1.8996	-0.9382	-1.1427	-0.2014
brca_tcga	TCGA-AN-A0AL-01	-0.2049	-0.8488	0.9259	-1.0223	0.0551	-0.5885	-0.309
brca_tcga	TCGA-AN-A0AR-01	-2.5187	-0.6225	-0.8956	-2.2075	-1.0594	4.88	-0.3294
brca_tcga	TCGA-AN-A0AS-01	-0.1891	-1.0628	-0.6895	-0.079	-0.2302	-0.5417	-0.2275
brca_tcga	TCGA-AN-A0FJ-01	-0.6027	-1.134	-0.7612	4.3212	-0.6608	-1.1119	-0.3596
brca_tcga	TCGA-AN-A0FV-01	-0.8875	-1.4095	-0.5026	-1.6306	-0.9164	-0.809	-0.3596
brca_tcga	TCGA-AO-A03O-01	-0.982	-0.7076	3.5347	-0.4957	-0.1033	-0.9376	-0.0122
brca_tcga	TCGA-AO-A03P-01	-0.9174	-0.6525	-0.2383	-1.0136	-0.4864	-0.9783	-0.2897
brca_tcga	TCGA-BH-A0AY-01	-0.2771	-1.0196	-0.5424	-0.7179	-0.4468	-0.4948	-0.2868
brca_tcga	TCGA-BH-A0B4-01	-0.2756	-0.0879	-0.3706	-0.2137	-0.1978	-0.333	-0.1718
brca_tcga	TCGA-BH-A0BV-01	0.6546	-0.1854	0.1027	1.6642	-0.1353	-0.3064	-0.2953
brca_tcga	TCGA-BH-A0DZ-01	-0.268	-0.8993	0.6762	-1.5893	0.2783	1.0683	-0.3241
brca_tcga	TCGA-A2-A04P-01	-1.1568	-0.3171	-0.3942	-1.1557	0.1871	3.0196	-0.1207
brca_tcga	TCGA-A2-A04Q-01	0.0021	2.9032	1.8665	0.5689	3.6347	2.0622	3.3065
brca_tcga	TCGA-A2-A04T-01	-1.3855	-0.3625	-0.5252	-1.3101	-0.4634	-0.8972	0.9656
brca_tcga	TCGA-A2-A04V-01	-0.2597	-0.4109	-0.8109	-0.7316	-0.3508	-0.6493	-0.3596
brca_tcga	TCGA-A2-A04X-01	-0.7824	0.5214	2.029	-1.9053	1.4747	-0.7223	0.2895
brca_tcga	TCGA-A2-A04Y-01	-0.7508	0.0409	-0.0423	-1.9935	0.296	-0.3427	-0.3036
brca_tcga	TCGA-A2-A0CM-01	-0.3615	1.2541	0.7132	0.1084	3.7249	0.5394	3.042
brca_tcga	TCGA-A2-A0CP-01	1.0353	-0.4105	-0.8319	0.2392	-0.537	0.1036	-0.2473
brca_tcga	TCGA-A2-A0CQ-01	-1.4003	-1.2034	-0.8657	-0.2982	-0.1315	-0.6829	-0.3446
brca_tcga	TCGA-A2-A0CU-01	0.8153	-0.2473	-1.0315	-0.5517	-0.5737	-1.3268	-0.3436
brca_tcga	TCGA-A2-A0D1-01	-0.4618	-1.4373	-0.7126	-2.3047	-1.0051	-1.2331	-0.3399
brca_tcga	TCGA-A2-A0D2-01	-0.9088	-0.6529	-0.7404	-0.3528	-0.4667	1.403	-0.2048
brca_tcga	TCGA-A2-A0EM-01	-0.6993	1.1137	-0.6949	-0.1971	-0.6886	-0.3626	-0.3596
brca_tcga	TCGA-A2-A0EO-01	0.0372	0.8689	-0.67	0.1205	0.0813	0.1719	-0.2845
brca_tcga	TCGA-A2-A0EQ-01	-0.7603	-0.1715	1.0496	-0.4091	1.7877	0.0251	1.463
brca_tcga	TCGA-A2-A0ER-01	0.178	-1.1355	-0.343	0.3784	-0.7983	-0.8725	-0.3344
brca_tcga	TCGA-A2-A0ET-01	-1.304	-0.6038	-0.1638	-0.4893	0.4103	-1.3638	-0.2235
brca_tcga	TCGA-A2-A0EV-01	0.7042	-0.5088	-0.0419	2.5767	0.2779	-0.2269	-0.2714
brca_tcga	TCGA-A2-A0EX-01	0.1059	0.4611	-0.7704	-0.2274	-0.644	-0.6794	-0.3046
brca_tcga	TCGA-A2-A0EY-01	-0.8159	-0.7314	-0.4793	0.0167	-0.6577	0.8412	-0.1451
brca_tcga	TCGA-A8-A06Q-01	-1.2226	4.8853	-0.7236	-1.9728	-0.9515	-0.9135	-0.325
brca_tcga	TCGA-A8-A07E-01	0.9443	-0.0053	-0.3723	-0.3518	-0.3937	-0.047	-0.2996
brca_tcga	TCGA-A8-A07G-01	-0.843	-0.4956	-0.4047	1.2509	-0.3358	0.4863	-0.3308
brca_tcga	TCGA-A8-A07R-01	-1.5801	-0.8856	3.6934	2.7788	-0.6946	-0.7727	-0.2968
brca_tcga	TCGA-A8-A07U-01	0.2375	3.404	3.5299	0.1378	1.8065	-0.2726	1.8344
brca_tcga	TCGA-A8-A08R-01	-0.7093	0.019	1.0141	0.4728	0.1803	-0.8122	0.6784
brca_tcga	TCGA-A8-A08S-01	-1.2879	-0.7142	1.4824	0.77	0.9991	0.8326	-0.3461
brca_tcga	TCGA-A8-A097-01	-0.2241	-0.7607	-0.4368	0.469	-0.2449	-0.833	-0.3255
brca_tcga	TCGA-A8-A09I-01	-1.139	-0.3693	2.5136	-1.8829	0.7802	0.3626	0.7389
brca_tcga	TCGA-A8-A09V-01	0.3139	-0.0278	-0.7878	0.1528	-0.6084	-0.8072	-0.3481
brca_tcga	TCGA-A8-A0A2-01	-0.3579	-0.122	-0.6812	-0.1752	0.1659	-0.1288	-0.2855
brca_tcga	TCGA-A8-A0AB-01	-0.6649	-1.0428	-1.0355	1.2852	-1.015	-0.4925	-0.3596
brca_tcga	TCGA-AN-A041-01	0.5976	-0.6374	-0.5109	-1.0477	-0.3856	-0.9989	-0.3457
brca_tcga	TCGA-AN-A046-01	-0.5252	1.3854	2.1821	-0.3995	2.3762	-0.4418	0.0368
brca_tcga	TCGA-AN-A04A-01	0.8114	-1.2126	-0.4901	-0.3829	-0.7135	-0.4607	-0.3449
brca_tcga	TCGA-AN-A04C-01	-1.2256	-1.0409	-0.8192	-1.6099	-0.9215	-1.2708	-0.3596
brca_tcga	TCGA-AN-A04D-01	-0.5184	-1.2905	-0.9811	-1.5024	-1.1527	-0.3472	-0.3475
brca_tcga	TCGA-AN-A0AM-01	-0.7393	-0.5664	1.8632	-0.995	1.5175	0.6196	0.4143
brca_tcga	TCGA-AN-A0AT-01	-2.2551	-0.9697	0.0771	-0.8705	-0.2065	-0.0802	0.2561
brca_tcga	TCGA-AN-A0FD-01	-0.6843	-0.5432	0.8474	-1.3968	0.9506	-1.1393	-0.1232
brca_tcga	TCGA-AN-A0FF-01	-0.5265	-0.0885	0.3357	-1.0243	-0.4691	-1.0743	-0.19
brca_tcga	TCGA-AN-A0FK-01	-1.2759	-0.6958	-0.7947	-0.175	-0.4693	-1.0197	-0.3596
brca_tcga	TCGA-AN-A0FL-01	-1.8631	-1.2796	0.1528	-3.0496	-0.6489	0.2373	-0.3596
brca_tcga	TCGA-AN-A0FN-01	0.6465	1.049	-0.194	-0.0861	0.6206	0.9367	0.4311
brca_tcga	TCGA-AN-A0FS-01	-0.1547	-0.724	-0.7147	-0.563	-0.7444	-0.2195	-0.3384
brca_tcga	TCGA-AN-A0FT-01	-1.5792	-1.2524	-0.8155	-1.5173	-0.7366	-0.4906	-0.2553
brca_tcga	TCGA-AN-A0FW-01	-0.6863	-1.1643	-0.8098	-1.5064	-0.8037	-0.9196	-0.3465
brca_tcga	TCGA-AN-A0FX-01	-0.8868	-0.7952	-0.7065	0.4317	-0.6719	-0.3401	-0.3195
brca_tcga	TCGA-AN-A0FY-01	0.6288	-0.6256	-0.7821	-1.495	-0.6774	-0.9782	-0.314
brca_tcga	TCGA-AN-A0FZ-01	1.6667	-0.6248	-0.7853	-1.1606	0.036	-1.1278	-0.3596
brca_tcga	TCGA-AO-A03R-01	-1.3226	-0.7723	-0.6786	-1.553	-0.2327	-0.7755	-0.2478
brca_tcga	TCGA-AO-A03T-01	-0.6633	-1.039	-0.239	-1.4581	-0.3301	-0.8925	-0.3381
brca_tcga	TCGA-AO-A0J2-01	-0.9715	0.739	1.1154	-1.396	4.1339	8.6302	0.1058
brca_tcga	TCGA-AO-A0J3-01	-1.6359	-0.5068	-0.616	-2.3856	-0.3466	-1.2925	-0.2972
brca_tcga	TCGA-AO-A0J4-01	-0.1485	-0.1175	1.0824	0.0461	0.5087	-0.4427	0.0461
brca_tcga	TCGA-AO-A0J5-01	-0.16	-0.6205	-0.7941	-0.5937	-0.8612	-0.6728	-0.3361
brca_tcga	TCGA-AO-A0J6-01	-0.1381	-0.6887	0.911	0.9481	1.3538	1.6965	0.5599
brca_tcga	TCGA-AO-A0J7-01	-1.3188	-0.7788	-0.8926	-0.8516	-0.6377	-1.5085	-0.3296
brca_tcga	TCGA-AO-A0J8-01	-0.1623	0.1949	0.2612	2.0035	0.4662	-0.7794	-0.3176
brca_tcga	TCGA-AO-A0J9-01	-0.1927	-0.6489	-0.6994	-1.023	0.275	0.0944	-0.2062
brca_tcga	TCGA-AQ-A04J-01	0.8423	0.7156	-0.2742	-0.0604	-0.3628	1.6776	-0.3463
brca_tcga	TCGA-B6-A0I2-01	-1.0338	0.8849	0.2794	-0.9658	4.3263	-0.2726	4.8904
brca_tcga	TCGA-B6-A0I5-01	-1.2271	-0.522	-1.0108	-0.1367	0.0274	0.0763	-0.3362
brca_tcga	TCGA-B6-A0I9-01	-0.8963	-1.1259	0.62	-0.8522	0.3816	-0.6099	-0.2662
brca_tcga	TCGA-B6-A0IA-01	-0.3557	1.556	-0.8006	-0.9644	-0.4537	-1.1824	-0.3596
brca_tcga	TCGA-B6-A0IB-01	-1.1845	-1.2905	-0.774	-0.8093	-0.7563	-0.9472	-0.3596
brca_tcga	TCGA-B6-A0IC-01	-0.7687	-0.3823	-0.7225	-0.3383	-0.5941	-0.7807	-0.3596
brca_tcga	TCGA-B6-A0IE-01	-0.7654	-1.0965	-0.9882	-1.5504	-0.9619	-0.7602	-0.2892
brca_tcga	TCGA-B6-A0IG-01	-1.3212	-1.0156	0.417	0.4852	-0.5923	0.073	-0.3081
brca_tcga	TCGA-B6-A0IJ-01	0.176	1.4826	0.8106	0.1427	2.3781	-0.3909	0.9668
brca_tcga	TCGA-B6-A0IM-01	0.7394	-0.9747	-0.477	0.3029	-0.1459	-0.7355	-0.3262
brca_tcga	TCGA-B6-A0IN-01	-0.8254	-0.8005	-0.7994	1.1549	-0.348	-0.3867	-0.2609
brca_tcga	TCGA-B6-A0IO-01	-0.7747	-0.9831	-0.4115	1.194	-0.0323	-0.4729	-0.1943
brca_tcga	TCGA-B6-A0IP-01	-0.2852	-0.7197	-0.6507	0.3195	0.2132	-0.4949	-0.3361
brca_tcga	TCGA-B6-A0IQ-01	-1.3441	-0.2787	-0.5076	-1.383	0.3577	0	-0.0581
brca_tcga	TCGA-BH-A0BD-01	0.9843	-0.4033	1.1495	1.1902	0.8451	-0.5278	-0.0583
brca_tcga	TCGA-BH-A0E6-01	-1.2231	-1.3742	-0.8908	-1.8508	-0.3718	-0.2454	-0.2813
brca_tcga	TCGA-BH-A0E7-01	1.5296	2.201	-0.6709	0.0274	-0.7211	-0.9317	-0.3355
brca_tcga	TCGA-BH-A0EB-01	-0.1795	-0.1371	-0.1242	0.4028	0.4273	0.9906	-0.2769
brca_tcga	TCGA-BH-A0EE-01	-1.0414	1.2966	0.4696	-1.5982	1.4444	0.3613	-0.1914
brca_tcga	TCGA-BH-A0HO-01	-0.6815	-0.1003	1.0467	0.0875	-0.4934	-0.2374	-0.3478
brca_tcga	TCGA-BH-A0HQ-01	-0.3572	-0.2515	-0.6944	0.6876	-0.3575	-0.7728	-0.3219
brca_tcga	TCGA-BH-A0HU-01	-0.8145	-1.135	-0.7674	-0.3891	-0.206	-0.5252	-0.3033
brca_tcga	TCGA-BH-A0HW-01	-1.2298	-1.0663	-0.4382	-0.2977	-0.9386	-1.609	-0.3596
brca_tcga	TCGA-A2-A0CT-01	-1.0453	-1.1062	-0.7441	-1.4071	-0.8503	-0.9463	-0.3596
brca_tcga	TCGA-A2-A0EU-01	0.3378	0.1124	-0.5341	-0.4936	-0.1905	-0.2705	-0.3263
brca_tcga	TCGA-A7-A0D9-01	0.9787	-1.1632	-0.7897	-1.2533	-0.9221	-0.4862	-0.3596
brca_tcga	TCGA-A8-A08O-01	0.8552	1.3271	-0.8201	-0.249	-0.7642	-1.1167	-0.3247
brca_tcga	TCGA-A8-A0A6-01	-0.2993	0.6327	0.725	0.1095	1.8582	0.9987	0.2196
brca_tcga	TCGA-A8-A0AD-01	0.371	-0.2404	-0.6211	0.6584	-0.9419	-0.1249	-0.3414
brca_tcga	TCGA-AO-A03L-01	-0.55	-0.8543	0.2258	-1.7649	0.3883	-1.0097	-0.3181
brca_tcga	TCGA-AO-A0JA-01	-0.0082	-0.455	0.1211	-0.5527	-0.6652	0.5242	-0.2857
brca_tcga	TCGA-AO-A0JB-01	-1.402	-0.8363	-0.9692	-2.1256	-0.7554	-0.0949	-0.1305
brca_tcga	TCGA-AO-A0JC-01	3.2995	3.6266	0.7857	-1.1424	3.1049	1.9089	2.7941
brca_tcga	TCGA-AO-A0JD-01	-1.0037	-0.2465	0.4106	-1.4284	0.4529	1.3259	-0.1548
brca_tcga	TCGA-AO-A0JE-01	-0.2093	0.0103	1.3582	2.133	0.8569	2.3421	0.5918
brca_tcga	TCGA-AO-A0JF-01	0.6125	0.767	-0.5031	0.9376	-0.2063	0.6615	-0.3113
brca_tcga	TCGA-AO-A0JI-01	-1.2533	0.0324	-0.7053	-1.4716	-0.9733	-1.4208	-0.3438
brca_tcga	TCGA-AO-A0JJ-01	0.1393	1.019	-0.122	-0.39	0.0384	0.3234	-0.0882
brca_tcga	TCGA-AO-A0JL-01	-1.5514	-0.6934	-1.063	-2.4919	-1.0014	-0.5639	-0.2828
brca_tcga	TCGA-AO-A0JM-01	-0.4301	-0.9097	0.1982	-0.9887	-0.2525	-0.839	-0.2456
brca_tcga	TCGA-B6-A0IK-01	0.0399	-1.0282	-0.3995	-1.5995	-0.4143	0.2716	-0.1902
brca_tcga	TCGA-B6-A0RE-01	-1.0914	-0.8267	-0.6937	-0.9026	-0.4999	1.7075	-0.3434
brca_tcga	TCGA-B6-A0RG-01	1.1743	0.1777	-0.5942	-0.3684	-0.6969	-1.2	-0.3596
brca_tcga	TCGA-B6-A0RI-01	3.5294	0.2414	-0.6683	1.2782	-0.4648	-0.7373	-0.3461
brca_tcga	TCGA-BH-A0AW-01	-0.1535	-0.1488	0.5884	-1.8658	0.5617	0.42	1.0624
brca_tcga	TCGA-BH-A0B3-01	0.6933	-0.2502	2.5282	0.6349	1.634	-0.1236	-0.0059
brca_tcga	TCGA-BH-A0B9-01	-0.5482	-0.8008	0.1602	-1.3963	2.3638	-0.0105	1.3939
brca_tcga	TCGA-BH-A0BA-01	-0.6227	0.1821	-0.8195	-1.3401	-0.4528	-0.5829	-0.2304
brca_tcga	TCGA-BH-A0BJ-01	0.194	0.0595	-0.6019	0.4156	0.0984	-0.2469	-0.3145
brca_tcga	TCGA-BH-A0BM-01	-0.1528	0.1902	-0.8865	-0.4941	-0.0601	-0.2029	-0.1996
brca_tcga	TCGA-BH-A0C0-01	-0.7093	0.0855	1.4217	-0.1722	1.7405	0.0872	3.084
brca_tcga	TCGA-BH-A0DK-01	1.16	-0.3851	0.6671	-0.8597	0.32	0.0582	-0.2277
brca_tcga	TCGA-BH-A0DP-01	0.2403	-0.043	-0.4778	0.9644	1.1888	0.1578	-0.3058
brca_tcga	TCGA-BH-A0DS-01	-0.9233	-1.0339	-0.7142	-0.5909	0.2245	-0.1651	-0.1385
brca_tcga	TCGA-BH-A0E0-01	-0.0907	-1.0538	-1.0142	-1.9597	-0.8882	-0.6591	-0.3596
brca_tcga	TCGA-BH-A0E1-01	-0.2591	0.2848	-0.5529	-0.0868	-0.8054	-0.5969	-0.3596
brca_tcga	TCGA-BH-A0E2-01	-0.5672	2.817	-0.4458	-1.4115	-0.3083	-0.6571	-0.2117
brca_tcga	TCGA-BH-A0GY-01	3.3719	-0.185	-0.2049	-0.3302	-0.1151	0.0493	-0.303
brca_tcga	TCGA-BH-A0GZ-01	-0.891	-0.9096	-0.9511	-1.0825	-0.5588	-0.2387	-0.3195
brca_tcga	TCGA-BH-A0H0-01	-1.8439	-0.3104	-0.6486	-1.9678	-0.6515	-1.4678	-0.2131
brca_tcga	TCGA-BH-A0H6-01	1.5611	-0.2503	-0.7584	-0.7472	-0.7397	-0.9041	-0.3426
brca_tcga	TCGA-BH-A0H7-01	0.0816	-0.9628	0.1663	-0.3808	-0.5938	-0.7856	-0.3459
brca_tcga	TCGA-BH-A0H9-01	-0.4921	-0.801	-0.7596	-0.3032	-0.9454	-0.3957	-0.3432
brca_tcga	TCGA-BH-A0HB-01	-0.7976	-0.9765	0.0572	-2.1488	0.1502	-0.3427	-0.2595
brca_tcga	TCGA-BH-A0HK-01	-1	-0.2767	-0.6827	-1.5583	-0.2479	0.0324	-0.3155
brca_tcga	TCGA-BH-A0HX-01	-0.4117	-0.7048	-0.7145	-1.4698	-0.3292	-1.0091	-0.3436
brca_tcga	TCGA-BH-A0HY-01	-0.4834	-0.8207	-0.4301	-0.5657	-0.9032	-0.9488	-0.3596
brca_tcga	TCGA-A1-A0SE-01	1.7448	0.3031	-0.7631	0.2853	-0.5753	-0.8815	-0.3458
brca_tcga	TCGA-A1-A0SH-01	0.162	-0.1507	-0.7312	1.2165	-0.6226	0.3173	-0.3445
brca_tcga	TCGA-A1-A0SJ-01	0.9551	0.5797	-0.5536	-0.7465	-0.4852	0.5923	-0.3443
brca_tcga	TCGA-A1-A0SK-01	-0.8468	-0.9932	-0.7571	-1.6896	-1.0121	-1.4737	-0.3596
brca_tcga	TCGA-A1-A0SM-01	-0.0885	-0.0748	-0.7241	-1.2225	-0.7886	0.1086	-0.3464
brca_tcga	TCGA-A1-A0SP-01	0.3695	-1.1893	-0.5595	-1.3982	0.0168	-0.2066	-0.3138
brca_tcga	TCGA-A2-A0EN-01	0.2146	0.1691	0.2181	1.8786	0.8424	0.9231	0.1936
brca_tcga	TCGA-A2-A0ST-01	0.6343	5.1309	2.8621	0.1795	5.0619	4.4661	3.8322
brca_tcga	TCGA-A2-A0SU-01	-0.4014	-1.1294	-0.6928	0.2259	-0.57	0.4111	-0.2875
brca_tcga	TCGA-A2-A0SV-01	-1.0811	-1.038	0.4339	0.3545	0.2624	-0.7369	-0.3596
brca_tcga	TCGA-A2-A0SW-01	0.3603	-0.4592	0.7406	-1.6842	1.3067	-0.6632	0.9265
brca_tcga	TCGA-A2-A0SX-01	0.163	1.2008	1.9161	0.1331	0.5763	-0.0892	0.5818
brca_tcga	TCGA-A2-A0SY-01	0.9921	1.1477	-0.3328	-0.8427	0.5913	-0.1647	-0.1845
brca_tcga	TCGA-A2-A0T0-01	-0.8329	-1.2307	-0.6549	-0.63	-0.3093	0.8766	-0.1401
brca_tcga	TCGA-A2-A0T1-01	-0.429	-0.2245	1.1989	-1.0347	1.1146	-0.3705	0.4403
brca_tcga	TCGA-A2-A0T2-01	-0.3283	-0.2915	-0.9099	-1.4232	-0.6909	-0.4088	0.1445
brca_tcga	TCGA-A2-A0T4-01	-0.6101	-0.5217	0.2151	-0.1798	0.2191	-0.2123	0.0083
brca_tcga	TCGA-A2-A0T5-01	-0.5946	-0.8107	-0.9044	1.3317	-0.5628	3.2023	-0.3443
brca_tcga	TCGA-A2-A0T6-01	2.6722	1.221	-0.257	1.3683	0.1522	-0.3329	-0.1444
brca_tcga	TCGA-A2-A0T7-01	0.337	-0.801	-0.5138	0.1527	0.1058	-0.1024	-0.3233
brca_tcga	TCGA-A8-A075-01	-1.0442	-0.7086	0.6024	-0.9426	0.1561	-0.5352	0.211
brca_tcga	TCGA-AR-A0TX-01	0.5351	0.5768	1.5192	-0.9625	1.6435	1.0106	0.5616
brca_tcga	TCGA-B6-A0RN-01	-0.8484	-0.9546	-0.8483	0.1896	-0.6792	-0.6548	-0.3424
brca_tcga	TCGA-B6-A0RO-01	-1.0736	-1.0976	-0.3868	0.2699	-0.727	-0.0777	-0.2344
brca_tcga	TCGA-B6-A0RP-01	-0.874	-0.7132	-0.5111	1.4436	-0.1545	0.2474	-0.1905
brca_tcga	TCGA-B6-A0RT-01	0.9097	2.256	1.576	-0.6715	2.5624	0.1092	4.3534
brca_tcga	TCGA-B6-A0RU-01	-0.7473	-0.7257	-0.6987	-1.0366	-0.7974	0.711	-0.3002
brca_tcga	TCGA-B6-A0RV-01	1.1818	0.6756	-0.1381	-1.154	0.5494	-0.3384	-0.2583
brca_tcga	TCGA-BH-A0BC-01	-0.4574	-0.4023	0.5394	-1.0677	0.1683	-0.0719	-0.2837
brca_tcga	TCGA-BH-A0DH-01	2.092	0.2542	-0.3997	-0.6436	-0.3201	-1.0284	-0.2966
brca_tcga	TCGA-BH-A0DQ-01	1.3841	-0.268	-0.2894	-0.9964	-0.5973	-0.6391	-0.3083
brca_tcga	TCGA-BH-A0HI-01	-0.2041	-0.4553	-0.5333	1.2733	-0.4217	-0.2135	-0.3154
brca_tcga	TCGA-BH-A0HP-01	0.0065	0.6073	0.0305	-0.8879	0.4243	0.0788	-0.1844
brca_tcga	TCGA-BH-A0RX-01	-0.7404	0.5077	0.6453	-0.5663	2.457	0.7899	2.4619
brca_tcga	TCGA-A2-A04R-01	-1.2242	-0.7421	-0.6579	-1.6772	-0.8484	-1.3112	-0.3444
brca_tcga	TCGA-A2-A0YC-01	0.9579	-0.6984	0.8762	2.3858	-0.1105	-0.3691	-0.3119
brca_tcga	TCGA-A2-A0YD-01	1.7084	0.8257	0.3602	1.2998	0.2927	-0.0888	-0.2922
brca_tcga	TCGA-A2-A0YE-01	-1.2989	-1.2125	0.7104	1.7513	-0.8568	-0.1772	-0.3065
brca_tcga	TCGA-A2-A0YF-01	-0.1363	-0.0437	-0.527	0.1512	-0.2928	1.3598	-0.3262
brca_tcga	TCGA-A2-A0YG-01	-0.5897	-1.1043	-0.2523	-1.1568	-0.7426	-0.2521	-0.2909
brca_tcga	TCGA-A2-A0YH-01	-0.9524	0.4585	2.0397	-0.7237	-0.2543	0.0559	-0.2853
brca_tcga	TCGA-A2-A0YJ-01	-0.8121	-1.229	-0.9495	-1.0263	-1.023	0.3383	-0.3255
brca_tcga	TCGA-A2-A0YK-01	1.3132	1.7094	0.294	-0.25	0.6127	1.2383	0.2606
brca_tcga	TCGA-A2-A0YL-01	2.4764	1.0107	-0.1264	-0.4323	-0.1851	0.3499	-0.2657
brca_tcga	TCGA-A2-A0YM-01	-1.1522	-0.7378	0.6006	-0.0617	-0.2521	-0.1724	-0.1623
brca_tcga	TCGA-A2-A0YT-01	-0.8262	-0.8445	-0.1751	-1.3772	-0.5762	-1.0471	-0.3257
brca_tcga	TCGA-AN-A0XN-01	0.3712	-0.419	0.008	0.1775	-0.5193	0.7219	-0.3387
brca_tcga	TCGA-AN-A0XO-01	0.3678	-0.8271	-0.8098	1.6635	-0.3274	-0.4325	-0.3596
brca_tcga	TCGA-AN-A0XP-01	-0.7944	0.5127	1.1705	2.2772	0.4088	-0.429	-0.3596
brca_tcga	TCGA-AN-A0XR-01	-0.0223	0.4817	1.1479	-1.5557	0.0251	-0.4762	-0.3596
brca_tcga	TCGA-AN-A0XS-01	3.2636	-0.2124	-0.1523	0.3321	-0.2724	-0.4942	-0.2227
brca_tcga	TCGA-AN-A0XT-01	0.0809	-0.6521	-0.8779	-1.4046	-0.4989	-0.8607	-0.3596
brca_tcga	TCGA-AN-A0XU-01	-1.3085	0.1579	2.1325	1.7301	0.7732	2.8313	1.3143
brca_tcga	TCGA-AN-A0XV-01	-0.1416	-0.4373	-0.2211	-0.6984	-0.3619	-0.127	-0.3304
brca_tcga	TCGA-AN-A0XW-01	0.531	0.5478	1.6327	1.0154	1.6031	-0.613	2.3448
brca_tcga	TCGA-AR-A0U0-01	-0.8577	3.8832	4.3476	1.3752	3.3353	0.9091	1.2139
brca_tcga	TCGA-AR-A0U2-01	-0.7657	0.1909	0.6344	-1.7901	-0.1215	-0.8854	0.017
brca_tcga	TCGA-AR-A0U3-01	-0.4616	-0.6157	-0.504	-0.1261	0.1556	-0.2988	-0.1685
brca_tcga	TCGA-B6-A0WT-01	1.7728	-0.0593	-0.334	0.9867	-0.7023	-1.1074	-0.2815
brca_tcga	TCGA-B6-A0WV-01	0.655	-0.4538	-0.3522	-0.1507	-0.517	-1.5036	-0.3596
brca_tcga	TCGA-B6-A0WW-01	-1.0618	-1.3086	0.2452	0.1987	-0.0584	-0.478	-0.2645
brca_tcga	TCGA-B6-A0WX-01	0.4746	-0.8956	-0.579	-1.0623	-0.5437	1.4474	-0.2802
brca_tcga	TCGA-B6-A0WY-01	-0.1337	-0.2638	1.0737	0.5073	-0.0212	0.0724	-0.239
brca_tcga	TCGA-B6-A0WZ-01	0.3693	1.7025	-0.3223	0.6659	-0.1244	-0.4712	-0.3596
brca_tcga	TCGA-B6-A0X1-01	1.5464	1.8372	4.6996	1.484	1.0251	2.976	1.4842
brca_tcga	TCGA-B6-A0X4-01	-1.0328	-1.401	-0.5095	0.5928	-0.7032	-0.8967	-0.3596
brca_tcga	TCGA-B6-A0X5-01	0.2539	0.2533	-0.7932	-1.1894	-0.7657	-1.0753	-0.3596
brca_tcga	TCGA-BH-A0W3-01	-1.0221	-1.0308	-0.1695	1.01	-0.1618	-0.8473	-0.3596
brca_tcga	TCGA-BH-A0W4-01	3.2982	0.5664	-0.6508	1.3239	-0.7568	-0.6379	-0.3462
brca_tcga	TCGA-BH-A0W5-01	2.0987	1.5505	-0.3099	-0.0631	0.3533	0.2364	0.3382
brca_tcga	TCGA-BH-A0WA-01	-0.9098	-0.9449	0.2768	0.0315	-0.1932	-0.2508	0.0272
brca_tcga	TCGA-A2-A0YI-01	1.0889	0.9036	-0.0312	1.3944	0.9594	0.3218	-0.1848
brca_tcga	TCGA-AN-A0XL-01	0.0628	0.9285	-0.9207	-0.2545	-0.1707	0.0625	-0.3596
brca_tcga	TCGA-AO-A03M-01	1.9966	1.6831	4.8009	-0.4334	0.9699	-0.5692	0.3008
brca_tcga	TCGA-AO-A03N-01	-0.9546	-1.0885	-0.872	-0.7534	-0.6975	0.3256	-0.3596
brca_tcga	TCGA-AO-A03U-01	0.0905	0.384	-0.6335	0.7124	0.137	6.1232	-0.3213
brca_tcga	TCGA-AO-A124-01	-0.2709	-0.5036	-0.6831	3.6487	-0.7816	0.7319	-0.2517
brca_tcga	TCGA-AO-A125-01	-0.463	0.6729	-0.922	-0.6502	-0.194	-0.7917	-0.3596
brca_tcga	TCGA-AO-A126-01	-1.4027	-0.8796	-0.8118	-1.3748	-0.2479	-0.6643	-0.2274
brca_tcga	TCGA-AO-A128-01	0.6321	7.7488	4.2219	1.0537	6.2	-0.2231	14.5959
brca_tcga	TCGA-AO-A129-01	-0.4105	0.1204	-0.2766	-0.8125	0.6402	0.0971	0.7399
brca_tcga	TCGA-AO-A12B-01	-0.6538	-1.2632	-0.1045	0.5151	-0.8387	-0.2203	-0.3242
brca_tcga	TCGA-AO-A12E-01	0.0277	0.4135	0.524	1.6199	-0.2193	0.4316	-0.3367
brca_tcga	TCGA-AO-A12G-01	-0.016	-0.824	-0.6249	0.5925	-0.7464	-0.511	-0.3429
brca_tcga	TCGA-AQ-A04H-01	-1.162	-0.9076	-0.641	-1.3912	-0.3516	-0.9834	-0.335
brca_tcga	TCGA-AQ-A04L-01	0.0139	-1.2602	-0.72	-0.2823	-0.7021	1.5045	-0.2904
brca_tcga	TCGA-B6-A0X7-01	-0.8768	-0.3759	-0.5546	-0.6932	-0.6637	-0.7506	-0.3309
brca_tcga	TCGA-E2-A105-01	-0.4164	0.9129	-0.4604	-0.6658	-0.9356	-1.1403	-0.3462
brca_tcga	TCGA-E2-A107-01	-1.589	-1.1823	-0.9267	-0.0991	-0.5547	-1.2319	-0.3458
brca_tcga	TCGA-E2-A108-01	1.0887	1.4664	1.243	-0.0333	2.1722	0.9567	2.1401
brca_tcga	TCGA-E2-A109-01	-1.1391	-1.2208	0.3621	-1.5098	-0.4784	-1.1576	-0.3338
brca_tcga	TCGA-E2-A10B-01	-0.6714	0.376	0.1368	0.7855	-0.1174	-0.71	-0.2762
brca_tcga	TCGA-E2-A10C-01	-1.5613	-0.7657	-0.4926	-1.1034	0.191	-0.5329	0.0588
brca_tcga	TCGA-E2-A10E-01	-0.92	0.2071	0.5776	1.7107	0.347	0.2422	-0.2153
brca_tcga	TCGA-E2-A10F-01	1.7089	1.3848	0.1629	1.0655	0.0927	-0.4545	-0.1923
brca_tcga	TCGA-A1-A0SD-01	-0.4887	-0.259	0.1813	1.1461	-0.0594	0.1393	-0.3042
brca_tcga	TCGA-A2-A04N-01	1.2413	0.1933	-0.8251	-0.0382	-0.6538	-0.5907	-0.3098
brca_tcga	TCGA-A2-A04U-01	-1.0993	-1.6891	-0.8353	2.2243	-1.0567	-0.8688	-0.3596
brca_tcga	TCGA-A2-A04W-01	0.5411	-0.7115	-0.5785	-1.9885	-0.3883	-0.222	-0.3144
brca_tcga	TCGA-A2-A0CL-01	1.2299	1.3564	3.0663	-0.3046	1.2343	0.0341	0.2923
brca_tcga	TCGA-A2-A0CS-01	-0.8375	-0.4613	-0.5307	0.8149	0.0802	-0.4449	-0.3016
brca_tcga	TCGA-A2-A0CV-01	0.2635	-0.1867	-0.7197	0.0596	1.8889	0.3715	-0.1676
brca_tcga	TCGA-A2-A0CW-01	-0.6924	-0.9567	0.9649	-1.8961	0.3665	-0.9351	-0.1309
brca_tcga	TCGA-A2-A0D3-01	-0.5885	0.1961	-0.3592	1.618	0.1	-0.1541	-0.2381
brca_tcga	TCGA-A2-A0ES-01	1.2716	3.7529	-0.4809	0.9452	-0.2597	1.7261	-0.2663
brca_tcga	TCGA-A2-A0EW-01	0.349	0.7932	-0.5626	0.0456	-0.5768	0.7172	-0.2854
brca_tcga	TCGA-A2-A0T3-01	-0.196	1.2198	-0.624	0.7322	-0.8144	-1.209	-0.3596
brca_tcga	TCGA-A7-A0DA-01	-0.0106	-0.4618	-0.4008	-0.034	-0.7421	0.7562	-0.3316
brca_tcga	TCGA-AO-A03V-01	1.0386	-1.0659	-0.4394	-1.2283	-0.4032	-0.2903	-0.3596
brca_tcga	TCGA-AO-A12A-01	0.5623	0.9259	-0.5175	0.4295	0.4575	0.4835	-0.331
brca_tcga	TCGA-AO-A12D-01	0.4257	0.6442	1.844	-0.5759	0.8348	0.0703	0.3851
brca_tcga	TCGA-AO-A12F-01	-1.2328	-1.2074	-1.0163	0.3265	-1.159	0.0777	-0.3454
brca_tcga	TCGA-AO-A12H-01	-1.0095	0.4845	-0.591	-0.751	-0.6649	-1.0736	-0.332
brca_tcga	TCGA-AR-A0TS-01	0.7758	0.5968	-0.4048	-0.0276	-0.1763	0.569	-0.0854
brca_tcga	TCGA-AR-A0TY-01	0.7488	-1.0764	-0.7953	-2.5663	-0.9139	-0.9097	-0.3596
brca_tcga	TCGA-B6-A0IH-01	0.3529	0.516	-0.4773	0.0792	0.0711	0.4106	-0.2972
brca_tcga	TCGA-B6-A0RH-01	-0.6058	-0.9137	3.7147	-0.9797	0.0405	-0.4021	-0.3308
brca_tcga	TCGA-B6-A0RQ-01	0.2094	-0.3017	-0.8384	0.4443	-0.8502	0.6939	-0.3596
brca_tcga	TCGA-B6-A0WS-01	1.884	0.2125	0.4382	3.4403	0.6592	-0.106	-0.0009
brca_tcga	TCGA-B6-A0X0-01	-0.5546	-1.045	-0.866	1.7375	-0.5922	0.4105	-0.3596
brca_tcga	TCGA-BH-A0AV-01	1.2316	-0.3526	-0.7354	0.8365	-0.7335	0.6367	-0.3174
brca_tcga	TCGA-BH-A0B0-01	0.5675	1.2702	1.7604	-0.989	2.6028	-0.378	-0.2558
brca_tcga	TCGA-BH-A0B7-01	1.1475	-0.1324	0.1997	-1.3195	-0.3317	0.9002	-0.2848
brca_tcga	TCGA-BH-A0BG-01	-0.1881	0.676	2.8278	2.6443	2.8889	1.1477	1.1671
brca_tcga	TCGA-BH-A0BL-01	0.0794	0.6953	1.2406	-0.0247	0.9572	2.0216	0.8751
brca_tcga	TCGA-BH-A0BP-01	1.7813	-0.9715	-0.6138	-0.9932	-0.2048	1.7492	-0.2756
brca_tcga	TCGA-BH-A0BQ-01	0.6443	-0.751	-0.1816	1.2722	0.5012	0.4239	-0.3205
brca_tcga	TCGA-BH-A0BR-01	0.3854	-0.6331	-0.3927	0.7649	0.0816	2.152	-0.2518
brca_tcga	TCGA-BH-A0BW-01	1.1311	1.9131	2.8644	5.8812	0.3982	1.4401	0.7514
brca_tcga	TCGA-BH-A0C7-01	0.4944	-0.5875	-0.0229	0.0658	-0.4243	-0.6359	-0.316
brca_tcga	TCGA-BH-A0DE-01	-0.4335	0.6164	-0.52	0.6216	0.0762	0.1367	-0.2259
brca_tcga	TCGA-BH-A0DL-01	1.3079	0.4611	2.7306	1.6114	4.7349	3.0253	1.8261
brca_tcga	TCGA-BH-A0DX-01	0.7117	-0.2087	-0.527	-0.5676	-0.5292	1.0437	-0.3128
brca_tcga	TCGA-BH-A0E9-01	-0.0785	-0.091	-0.6642	-0.1002	-0.818	0.601	-0.33
brca_tcga	TCGA-BH-A0EA-01	-0.3742	-0.2257	-0.8674	0.5612	-0.5051	0.6332	-0.3596
brca_tcga	TCGA-BH-A0EI-01	0.083	-0.1662	-0.6759	-0.2809	-0.7137	-1.0709	-0.3596
brca_tcga	TCGA-BH-A0H5-01	1.2398	1.874	3.9384	0.568	3.5516	1.3466	1.1848
brca_tcga	TCGA-BH-A0W7-01	0.1976	0.3705	1.1875	-1.3111	1.2907	-0.0457	-0.0671
brca_tcga	TCGA-C8-A12K-01	0.0202	2.3176	2.3041	-0.6583	3.3834	0.6282	2.6759
brca_tcga	TCGA-C8-A12L-01	0.0175	-0.9304	0.4386	0.3745	-0.3908	5.2342	0.3033
brca_tcga	TCGA-C8-A12M-01	0.9597	-0.3105	-0.3701	-0.4249	-0.3597	-1.4828	-0.3371
brca_tcga	TCGA-C8-A12N-01	0.1589	-0.3951	-0.2048	0.0634	-0.1058	-0.0242	-0.309
brca_tcga	TCGA-C8-A12O-01	1.4356	0.1016	0.0713	0.1271	-0.3036	-0.4375	-0.2405
brca_tcga	TCGA-C8-A12P-01	-0.4779	-0.3843	0.4958	-1.6145	-0.3908	-0.6865	-0.2796
brca_tcga	TCGA-C8-A12Q-01	0.5232	-0.3543	-0.4706	-1.007	-0.5675	2.7617	-0.2221
brca_tcga	TCGA-C8-A12T-01	0.5906	-1.0836	-0.3014	-1.3935	-0.2234	-1.0185	-0.2852
brca_tcga	TCGA-C8-A12U-01	-1.2144	-1.1255	1.7806	-2.053	1.3113	-1.3514	1.3249
brca_tcga	TCGA-C8-A12V-01	0.4187	1.9393	3.2466	-0.5776	2.5219	0.6836	6.1785
brca_tcga	TCGA-C8-A12W-01	-0.1142	-0.6928	-0.4077	0.2008	-0.5743	-1.4383	-0.3596
brca_tcga	TCGA-C8-A12X-01	-0.4718	-0.8735	0.4739	-1.0201	-0.4079	-1.5153	-0.3596
brca_tcga	TCGA-C8-A12Z-01	1.0411	-1.4365	-0.6871	2.4422	-0.4113	0.0374	-0.3596
brca_tcga	TCGA-C8-A130-01	-0.596	-1.2602	-0.5482	-0.727	-0.6321	-1.162	-0.2166
brca_tcga	TCGA-C8-A131-01	-0.6515	-0.9226	-0.8575	-1.14	-0.8183	3.8765	-0.2185
brca_tcga	TCGA-C8-A132-01	0.2761	-0.0562	0.1773	-0.7085	0.3915	0.153	0.0123
brca_tcga	TCGA-C8-A134-01	0.5472	0.5572	1.0168	1.0895	0.5842	1.6575	0.4208
brca_tcga	TCGA-C8-A135-01	0.296	-0.5752	-0.4849	-1.382	-0.6657	0.3099	-0.2824
brca_tcga	TCGA-C8-A137-01	-0.0505	-1.4785	-0.6439	-1.759	-0.8347	-0.8974	-0.3596
brca_tcga	TCGA-C8-A138-01	-0.8358	0.2907	0.6377	-1.8425	1.5218	-0.423	0.7805
brca_tcga	TCGA-D8-A13Y-01	-0.867	-1.1816	-1.0486	-2.1487	-0.8036	-0.713	-0.3596
brca_tcga	TCGA-D8-A13Z-01	0.226	-0.4291	0.7561	-0.5438	-0.1462	2.3533	-0.2353
brca_tcga	TCGA-D8-A140-01	-0.1626	0.384	1.4047	-1.1531	-0.3038	-1.3493	-0.2281
brca_tcga	TCGA-D8-A141-01	0.9336	4.1167	1.4223	0.8197	1.7734	0.186	0.6239
brca_tcga	TCGA-D8-A142-01	-0.4382	-0.4701	-0.6434	-0.5459	-0.6317	-0.1944	-0.2929
brca_tcga	TCGA-D8-A143-01	-0.9575	-1.2925	-0.485	0.73	-0.3658	-0.2778	0.0048
brca_tcga	TCGA-D8-A145-01	0.136	0.5203	-0.7814	-0.3281	-0.5207	-0.0463	-0.3427
brca_tcga	TCGA-D8-A146-01	-0.2064	0.5107	-0.6943	-0.8661	-0.6189	0.031	-0.3298
brca_tcga	TCGA-D8-A147-01	-0.7983	-0.5092	2.1751	1.7058	-0.4724	-0.5792	-0.1489
brca_tcga	TCGA-E2-A10A-01	0.386	-0.341	0.0178	0.9022	-0.323	-0.6127	-0.3596
brca_tcga	TCGA-E2-A14O-01	-0.3877	-1.5362	-0.8975	0.0909	-0.5643	-0.8357	-0.3428
brca_tcga	TCGA-E2-A14R-01	-0.1554	1.885	0.6087	-0.2807	1.0999	-0.0896	0.6774
brca_tcga	TCGA-E2-A14T-01	-0.5377	0.8876	-0.7401	-0.4415	-0.7706	-1.0247	-0.3596
brca_tcga	TCGA-E2-A14X-01	-0.0314	0.0702	-0.5397	-1.2568	-0.0914	0.11	-0.0251
brca_tcga	TCGA-E2-A14Z-01	-0.5077	-0.4674	0.1058	-0.6391	0.83	0.0139	0.3352
brca_tcga	TCGA-E2-A154-01	-0.4298	-0.4066	-0.626	0.178	-0.8095	-0.5251	-0.3596
brca_tcga	TCGA-E2-A159-01	0.1436	0.958	-0.0064	-0.7438	0.0435	0.7553	1.181
brca_tcga	TCGA-E2-A15D-01	0.2891	-0.5281	-0.791	1.1262	-0.3156	-0.65	-0.2276
brca_tcga	TCGA-E2-A15F-01	1.1274	-0.5257	0.4874	1.1155	-0.3345	-0.8788	-0.3419
brca_tcga	TCGA-E2-A15O-01	-0.3727	1.0003	-0.5171	-0.9785	-0.6253	-1.2297	-0.3078
brca_tcga	TCGA-E2-A15P-01	-1.0999	0.3427	-0.0791	0.6777	-0.3637	-0.8882	-0.2908
brca_tcga	TCGA-E2-A15R-01	-0.0709	-0.4781	-0.7271	-1.264	-1.0106	-1.4433	-0.3596
brca_tcga	TCGA-E2-A15S-01	-0.9809	-1.2994	-0.9413	-1.6937	-0.9133	-1.5771	-0.3596
brca_tcga	TCGA-E2-A15T-01	0.1066	2.5648	-0.8006	1.2054	-1.0942	-1.283	-0.3596
brca_tcga	TCGA-AR-A1AH-01	1.1395	-1.286	-0.3812	-0.752	-0.7063	1.0109	-0.3596
brca_tcga	TCGA-BH-A0BO-01	2.1183	0.5653	-0.763	3.0401	2.8448	1.5505	-0.346
brca_tcga	TCGA-BH-A0C1-01	-0.4416	0.4637	1.1477	-0.101	0.5459	-0.1941	-0.2629
brca_tcga	TCGA-BH-A0DO-01	0.8346	0.0017	-0.9235	1.2966	-0.6334	-0.4901	-0.329
brca_tcga	TCGA-BH-A0DT-01	0.85	0.1281	-0.2901	1.448	0.3704	0.7221	-0.23
brca_tcga	TCGA-BH-A18F-01	-0.5383	1.379	-0.4251	-0.6573	-0.2441	-0.2985	-0.2446
brca_tcga	TCGA-BH-A18G-01	-0.9775	-1.2201	-0.8318	-1.9724	-0.1012	1.2216	-0.1764
brca_tcga	TCGA-BH-A18H-01	-0.204	1.0224	0.4811	0.693	2.118	-0.4147	0.8326
brca_tcga	TCGA-BH-A18I-01	0.6394	0.6459	0.2425	0.3068	0.4925	-0.3171	0.0319
brca_tcga	TCGA-BH-A18J-01	0.1959	-0.6467	-0.3631	-0.7162	-0.0883	-0.0067	-0.3303
brca_tcga	TCGA-BH-A18K-01	-0.7512	-0.2898	-0.7757	-0.0675	-0.1592	-0.1237	-0.3151
brca_tcga	TCGA-BH-A18L-01	-1.2382	-1.4514	0.4476	0.1617	-0.2302	-1.2615	-0.3112
brca_tcga	TCGA-BH-A18M-01	1.2788	0.1049	0.3616	0.6753	-0.4256	-0.4579	-0.3596
brca_tcga	TCGA-BH-A18N-01	0.5118	-1.0073	-0.8141	-1.4614	-0.9242	-1.0823	-0.3309
brca_tcga	TCGA-BH-A18P-01	-0.7472	0.208	0.3268	0.5379	1.2633	-0.3825	0.0545
brca_tcga	TCGA-BH-A18Q-01	-0.8396	0.1471	0.9421	0.2406	0.7006	-0.0081	0.1903
brca_tcga	TCGA-BH-A18R-01	-0.8177	-0.8262	-0.3392	-2.1247	-0.6658	0.8431	-0.3223
brca_tcga	TCGA-BH-A18S-01	-0.9057	-0.621	-0.772	1.1637	-0.3805	-1.0157	-0.3459
brca_tcga	TCGA-BH-A18T-01	-0.5343	-0.7659	0.0737	1.1122	-0.7513	-0.2764	-0.1967
brca_tcga	TCGA-BH-A18U-01	-0.9151	-1.0525	0.675	0.4755	-0.3355	-0.4966	-0.2123
brca_tcga	TCGA-BH-A18V-01	-0.9294	0.2742	0.2653	0.719	1.0414	-0.6627	0.0151
brca_tcga	TCGA-C8-A12Y-01	-0.2822	-0.2721	0.3104	-0.8826	-0.0494	-0.4366	-0.3596
brca_tcga	TCGA-C8-A133-01	-1.2505	-1.2659	0.5062	0.6362	-0.818	-1.0315	-0.3596
brca_tcga	TCGA-E2-A14P-01	-0.8013	-1.0808	-0.194	-2.0632	-0.2024	1.6745	-0.0242
brca_tcga	TCGA-E2-A14Q-01	0.5311	0.0978	-0.4267	-1.0899	-0.1507	-0.2166	-0.304
brca_tcga	TCGA-E2-A14S-01	-0.8771	-0.3049	-0.7559	-1.6158	-0.59	-0.3877	-0.1255
brca_tcga	TCGA-E2-A14V-01	-0.2414	-1.0507	-0.7954	-0.9129	-0.2538	-0.7034	-0.3458
brca_tcga	TCGA-E2-A14W-01	-1.2728	-1.2492	-0.89	-0.6465	-0.8727	-0.4929	-0.3395
brca_tcga	TCGA-E2-A14Y-01	-1.0174	-1.1619	0.6478	-1.3641	-0.4174	1.269	-0.1157
brca_tcga	TCGA-E2-A150-01	0.1725	3.7495	0.2435	0.236	-0.3425	2.815	-0.1223
brca_tcga	TCGA-E2-A152-01	-0.2454	-0.8389	-0.598	-0.578	-0.5624	1.3399	-0.343
brca_tcga	TCGA-E2-A153-01	0.1468	-0.463	-0.5808	0.9549	0.0544	0.1183	-0.3596
brca_tcga	TCGA-E2-A155-01	1.1108	-0.1213	-0.6923	-1.8327	-1.0771	-1.4603	-0.3478
brca_tcga	TCGA-E2-A156-01	0.2727	2.6576	-0.8483	0.641	-0.8192	-0.857	-0.3596
brca_tcga	TCGA-E2-A158-01	-0.6365	-0.8489	-0.3471	-0.7288	-0.7545	-0.5377	-0.3309
brca_tcga	TCGA-E2-A15A-01	-0.5927	-0.6225	0.8947	-0.5777	-0.1723	-0.7622	-0.0783
brca_tcga	TCGA-E2-A15C-01	0.702	1.9391	-0.6373	0.027	-0.2482	-0.7243	-0.2926
brca_tcga	TCGA-E2-A15E-01	0.1052	-0.6706	-0.695	1.8447	-0.8836	-0.1729	-0.3596
brca_tcga	TCGA-E2-A15G-01	0.2665	-0.2779	-0.8954	0.2699	-0.5449	-0.7629	-0.2738
brca_tcga	TCGA-E2-A15H-01	-0.5089	-0.3369	-0.7064	-1.3433	-0.6486	-1.1733	-0.3596
brca_tcga	TCGA-E2-A15L-01	-0.515	-0.5247	-0.8033	0.9988	-0.3468	0.1806	-0.3329
brca_tcga	TCGA-E2-A15M-01	1.2202	1.8227	0.9995	-0.9176	0.1515	1.3076	0.4351
brca_tcga	TCGA-A7-A13D-01	-0.1372	-1.2867	-0.3013	6.2795	-0.7431	-1.0157	-0.3596
brca_tcga	TCGA-A7-A13E-01	-1.3397	-0.638	-0.6195	-1.2451	-0.9821	-1.0048	-0.3417
brca_tcga	TCGA-A7-A13F-01	2.4423	-1.3436	-0.9185	0.0914	-1.02	-1.1225	-0.2923
brca_tcga	TCGA-AR-A1AI-01	1.1846	-0.2646	1.0718	3.5917	1.7013	0.7799	1.9353
brca_tcga	TCGA-AR-A1AJ-01	0.4723	2.8603	2.9218	0.5211	1.8841	1.8041	1.8756
brca_tcga	TCGA-AR-A1AK-01	1.078	0.2772	1.5329	1.0659	0.8884	-0.0126	0.1372
brca_tcga	TCGA-AR-A1AL-01	0.0921	0.8467	-0.727	1.515	-0.0984	0.2243	-0.3596
brca_tcga	TCGA-AR-A1AN-01	0.2964	3.417	-0.8393	-0.9981	-0.7603	-0.3582	-0.3451
brca_tcga	TCGA-AR-A1AO-01	0.6808	0.838	0.3179	-0.4041	0.1135	2.0814	0.2733
brca_tcga	TCGA-AR-A1AP-01	0.695	-0.572	0.6327	0.1756	0.6539	0.6433	-0.1901
brca_tcga	TCGA-AR-A1AQ-01	-0.5766	0.1531	1.994	-1.1961	1.5786	0.2833	1.9549
brca_tcga	TCGA-AR-A1AS-01	2.547	-1.2175	-0.9693	1.2057	-0.7589	-0.4628	-0.3596
brca_tcga	TCGA-AR-A1AU-01	1.274	-0.2892	-0.5793	-0.0884	-0.5616	-0.456	-0.3596
brca_tcga	TCGA-AR-A1AV-01	-0.1834	0.9054	-0.7023	1.3653	-0.6903	-0.6833	-0.3596
brca_tcga	TCGA-AR-A1AW-01	0.5489	3.4876	4.9188	0.9306	2.1606	0.3688	1.9696
brca_tcga	TCGA-AR-A1AX-01	0.6629	1.5849	1.7474	-0.1566	1.375	-0.1998	0.052
brca_tcga	TCGA-AR-A1AY-01	0.0104	-0.0612	-0.775	-0.4439	-0.8547	0.7025	-0.3134
brca_tcga	TCGA-BH-A0AU-01	-0.2457	-0.2193	0.8669	0.4732	-0.4378	-1.3355	-0.284
brca_tcga	TCGA-BH-A0AZ-01	0.531	-0.6887	-0.5122	0.6887	-0.1348	0.1862	-0.3195
brca_tcga	TCGA-BH-A0B5-01	0.5249	-0.2982	-0.1765	-0.2052	0.9944	-0.9098	-0.2479
brca_tcga	TCGA-BH-A0BF-01	1.3753	0.3765	2.2844	-0.5923	0.8578	0.1035	0.5439
brca_tcga	TCGA-BH-A0BS-01	-0.0968	-0.3649	-0.6424	2.2789	-0.5776	2.7829	-0.346
brca_tcga	TCGA-BH-A0BT-01	-0.3712	2.618	1.1293	0.2707	0.2799	-1.1872	0.0098
brca_tcga	TCGA-BH-A0BZ-01	-0.3963	-0.1309	2.2021	-1.2452	1.6086	-0.8753	0.8036
brca_tcga	TCGA-BH-A0C3-01	2.2268	0.0668	0.1068	-0.4135	-0.0444	-0.0822	-0.2356
brca_tcga	TCGA-BH-A0DD-01	-0.5917	0.1569	0.8648	-0.4529	-0.0973	-0.9654	-0.169
brca_tcga	TCGA-BH-A0DG-01	-0.1141	-0.7154	-0.0494	-0.9699	-0.2694	-0.393	-0.2723
brca_tcga	TCGA-BH-A0DI-01	0.4219	-0.6947	-0.3128	0.526	-0.159	-0.1963	-0.1337
brca_tcga	TCGA-BH-A0DV-01	1.026	-0.4895	-0.7537	0.5811	-0.4104	0.7391	-0.3596
brca_tcga	TCGA-BH-A0H3-01	0.5921	0.1054	-0.6453	0.9452	-0.1624	0.6517	-0.2245
brca_tcga	TCGA-BH-A0HA-01	-0.4566	-0.3151	0.2372	-1.1602	-0.0077	-0.6868	-0.2042
brca_tcga	TCGA-E2-A15J-01	-1.1191	-0.8615	-0.7736	1.5914	0.1552	0.0389	-0.3596
brca_tcga	TCGA-E2-A15K-01	-0.421	-0.7899	-0.2398	0.0689	0.5202	-0.3431	-0.0871
brca_tcga	TCGA-E2-A1AZ-01	1.0048	1.3005	2.1374	-0.8557	0.1889	0.0601	0.3001
brca_tcga	TCGA-E2-A1B0-01	0.4456	0.4398	-0.0216	-0.8488	-0.5964	-0.05	-0.2352
brca_tcga	TCGA-E2-A1B1-01	3.3421	3.152	2.4939	1.6485	0.6037	0.8854	0.319
brca_tcga	TCGA-E2-A1B4-01	-1.0705	-1.1113	-0.9913	-0.276	-0.2428	-0.3553	-0.3153
brca_tcga	TCGA-E2-A1B5-01	0.9613	0.4125	0.1883	-1.4602	2.4705	1.4444	0.7128
brca_tcga	TCGA-E2-A1B6-01	-0.3732	0.5516	0.9364	-1.7038	1.5268	0.3432	0.6682
brca_tcga	TCGA-E2-A1BC-01	1.6061	1.1166	-0.5942	0.0083	-0.7383	-0.3557	-0.3596
brca_tcga	TCGA-E2-A1BD-01	-0.3743	-0.4103	-0.7351	-0.4045	-0.1732	-0.9206	-0.2648